100000 79207
21169 100000
85158 100000
91660 68319
77896 6481 7043 17081
98327 38246 3368
79297 75210
24255 4445 100000 51242
50633 38184 46261
100000 43112
27011 64030 52841
52405 100000 11773
58521 3296 12289 24028 100000
100000 8369
8835 80196 55101
8785 34758 19341 19025 86549
97169 19872
40265 60255 100000
47541 24734 3903 29722
49704 3510 100000
100000 64276 13770
60241 44760 8754 59198
100000 100000
72837 3457 44024
81997 100000
47085 29509 46472 14313
60654 39520 100000
37549 32992 13689 88894
2596 100000
69877 77451 2872
53031 74116 12851 23505
43630 18487 100000
7247 33052 43640
56617 43625 28275 28325
12881 17960 100000
39690 40136 100000
100000 37338 81014
24457 60058 9004
13486 100000 20480 96394
8871 44756 45571
75719 50068 60085
55441 29776 50504
70692 71017 96025
87460 14410
49935 71750 56130
29782 34855 71484 4013
40108 29426 3489 64631
8844 13253 100000
39600 24245 100000
8514 43027 100000
178 29084 60773 62001
100000 78412 49786
49680 78207
44243 8426 23477 8557 100000
100000 100000
100000 58031
54785 8633 100000
50203 95770 13603
28688 100000 36921
28930 100000 100000
34861 100000
3655 28329 77558 79988
95424 100000
34432 13187 100000
12661 89229 43864
33672 100000 100000
85061 18371
13010 48599 3029 78463
100000 26307 68960
2899 40163 58847
100000 100000
11349 58224 18368 94034
38229 23346 2804
99006 33255 100000
37995 100000
7466 38282 8088 53286 18180
84297 100000
58245 18274 2848 2684
2592 2942 99516 69046
68649 68901 64014
100000 93725
8133 83536 38800
78972 13426 48678
100000 27438 28535
28242 23244 33735 13059
100000 20475 100000
51999 28186 83923
28413 100000
68326 100000 12161
17820 100000 26581
8024 22720 100000
27684 53972 38264 100000
27795 100000
27564 100000 93060
68321 3061 7720
100000 7178 58099
84055 84181 12882
88797 58661 63826
12770 69057 89345
38271 100000
82738 84246 79050
38378 53460 83891
8053 83547
33229 33258 68736 23264
28278 2578 28275 79129
43510 100000
56999 100000 52843
12808 100000 17044
48303 18212 2701 88880
33616 73903 33342
43312 79001 100000
33231 38342 100000
100000 55736
43370 2650 100000
16487 63280 100000
100000 71612
8316 38213 2784 100000
69228 100000
67851 79894 13869
29225 100000 94203
96000 14084 3599
12612 100000 909 100000
8294 100000
100000 37352 69535
84491 43921 54074
33287 100000
65468 100000 63625
28218 95371 55913
64284 13832 100000
39647 20542 29054
100000 56247 100000
21648 59639
100000 100000 53781
34238 72760 41236
34271 44702 34576
100000 35747 29466
29479 100000 100000
100000 79493
3441 55046 40179 54808
24344 34667 100000
24787 75318 34359
55000 34519 97752
60173 13812 100000
100000 38282
34574 87614 100000
100000 86384
50492 13536 28458 13331
65493 100000 100000
100000 72685
29173 34989 20202 18331
2691 18663 100000
40033 100000 100000
15838 56769 3328
49438 100000 100000
25407 69246 90851
40481 76847
78670 93962 3111
86212 95531 100000
9145 95371
100000 15227 13574 100000
15371 29710 24349
29388 100000 15566
29411 80436 65680
100000 100000
52732 51109 19085 3829
39536 14170 19106 100000
4791 23711 29489 14131
24676 100000 100000
22777 81160 39974
30857 70502 100000
32835 55176 44581
3519 44477 76594
81917 100000
10246 66089 50041 70842
49101 18835 54152
91270 54218 13303
60093 63747 44055
79179 28503 100000
36737 100000
18330 100000 100000
17267 33801 28546 68964
8197 89151 18547
53802 100000 13660
43769 13739 27613 52670
47607 23739 100000
57446 13282 100000
16800 100000
13248 28467 63915 100000
100000 99052
63222 39437 3180
32680 64016 54459
8378 95060 13389 23656
64432 18467 18448 100000
12585 100000
64642 49383 44706
94438 94333
39026 54626 70068
84653 100000 18193
55202 100000 100000
12233 7900 39126
60325 61557 100000
9001 23391 69717
100000 24994 100000
51713 100000
9564 74792 56143
18824 100000 3979 2840
100000 3617 100000
9628 28479 8198 38929
49293 100000 100000
82727 23687
94399 18325 99529
48961 87735 33426
58849 38762 48920
74259 100000
100000 38199 54634
100000 48641 100000
4706 2772 38753
100000 38626 13141 100000
48458 100000
76478 44731 100000
54940 100000
11757 18293 49364 100000
18577 100000
100000 7006 7871
68793 33919 44342 63691
100000 100000
17025 100000 95471
18424 3103 100000
100000 68092
34244 59619 34104
100000 25679 49609
28652 100000 36415
100000 100000
78535 54353 81188
74797 13713 80975
69649 34090 100000
4814 70367 60210
96811 100000
25876 13561 100000
51177 90284 100000
100000 10948
23716 65646 8249 100000
10190 23479 100000
55169 49393 3171 44486
49238 100000
34405 90533 49533
100000 4328 18768 3122
100000 100000
13384 100000 53213
3167 23308 23622 100000
60448 100000
56416 23622 13477 3268 85023
86558 71227
100000 71009
13607 2645 28913 49566
85670 23951 60763
100000 10239 100000
35009 80589 100000
100000 11204
29611 100000 87784
84617 18656 100000
15397 100000
44869 44548 95949
39409 100000 3612
13162 95531 54426
42316 64827 7971 59157
95945 59602
44948 24028 86420
100000 19305 70268
81415 100000 67146
49277 18821 100000
80808 86665
49405 3170 54956
100000 66630 34048
59709 50055 100000
92894 13660 8258
55200 70612 34029
100000 56432 8424
100000 32763 100000
100000 100000
18643 59879 86688
69948 8398 33816
71053 24066 8256 100000
39146 100000
100000 97709
91177 3227 28331
100000 36062 18602 54620
100000 4200 100000
100000 98787
49965 95453
100000 24986 33996
65489 90709 13510
49285 95915 85439
70762 70824
60433 92046 100000
14221 18608 29304
100000 3890 13619 100000
20545 49624 100000
100000 41894
85007 69975
50329 39932 24042 100000
87274 100000
21125 8393 2596 100000
100000 57920
8088 96429 49540
3383 100000 94798
44482 89445 13500
13871 65173 100000
98463 100000
100000 26147 3207
79978 54852 100000
31904 60440 3294
18593 23875 100000 82998
100000 86617
91821 96186
86671 50461
39412 45441 55289 92902
28949 13317 100000
100000 100000
78733 60024
13315 91024 23545 23145
68785 69278 13227
88964 100000
47973 100000 3717
2532 100000 52199 38431
48493 100000
41890 23111 7530 100000
36427 53909 23381
100000 54065 38560
59329 13280 100000
100000 72387
48614 18134 33899 100000
33503 69930
33865 13043 95957
48699 18549 63927 64430
3305 18513 18364 100000
8273 100000
84154 90089 43962
31868 18462 13314 94936
100000 7726
59149 13208 53164 13662
38636 39452 100000
84752 84719
54085 18642 23768 100000
100000 96308
76618 94586
88476 13462 53752
59335 100000 100000
8593 48928 35194
33613 100000 74869
99679 13102
28316 100000 60606
100000 56381 74384
100000 7913
2841 28596 19291 85560
100000 100000
49152 100000 6064
13327 43884 100000 46377
84616 79691
100000 59087 100000
64165 44338
29938 3146 2919 100000
100000 100000
100000 24836 33952
100000 90850
13240 63992 28688 38978
18346 85986 89769
100000 1428 38630
33687 74574 1487
100000 100000
18983 2988 70038 85683
23849 56602 100000
64304 55694 65097
66024 8494 44764
3539 100000 31968
100000 10617 100000
100000 29589 100000
3926 100000
90128 60843 24207
55147 58836 49108
79342 79777 100000
79534 8167
74305 23689 33867 100000
100000 49994
53817 59523 38823
88197 13194 12961 60652
43585 100000
58685 8197 33280 84759
53838 87741
48403 94931 13355
7835 100000 7660 43521
100000 100000
73396 100000
79782 8150 100000
100000 100000
56934 23136 43520
33478 8282 65676 18408
100000 41062 54083
85613 18315 68981
89403 64077
64065 85054 60849
100000 31875 79241
100000 76429
28725 13430 44549 3134
7739 18000 100000 83399
100000 58124
100000 100000
100000 22083 49219
13389 100000 70173
79038 69195
87295 13136 8254 100000
50685 64269
38400 7948 100000
33593 12786 7607 2988 100000
100000 77912
34928 100000
48297 100000 32793
2996 12840 53531 100000
98271 69087
23113 79090 13245
33146 100000 22499 100000
42826 100000
27616 99672 53583
88405 100000
1506 99149 43319
18188 18229 48651 63813
13021 7858 100000
93613 58974
88547 28350 28443 100000
48078 69009
7915 100000 42566
100000 6569 100000
100000 46493
48272 48874 18147 13263
100000 16654 100000
100000 6529 23029
100000 88133
17922 2900 53290 38333
58568 43528 100000
57551 100000
2055 58459 100000
2175 38069 100000
2319 73078 28358 100000
12200 100000
93286 100000 17222
28230 2833 22826 33360
83633 58763 2664
22780 100000 7074 84020
22856 38581 93980
100000 100000
67053 2577 27939
100000 46757 100000
100000 10364
47660 83410 37636
58344 87919 67667
2885 54656 100000
29124 34430 100000
100000 4515 2481
3029 100000 81474
100000 100000
4896 18788 14002 100000
63616 56297 44165
60152 100000 33946
70246 3537 100000
73460 13539 28969
80310 100000
100000 62106 100000
100000 68026
60556 18846 97098
54938 100000
59338 13431 3204 100000
100000 229 29314
100000 100000
100000 8333 45826
45576 40042 13812 44278
100000 56097 18810
100000 14573 39861
100000 67155 66024
90638 100000
71104 74926
100000 4230 55004
100000 24644 96165
100000 24205 50171
44214 3275 100000
81880 36480 81386
100000 70782
100000 20003 45095
89673 100000
71103 28642 3495 100000
25815 55230 8585
85041 100000
9160 100000 15433 66091
59771 100000
15059 100000 66473
100000 24393 100000
19460 100000
55784 100000 9236
100000 100000
38927 54561 23768 100000
20934 49034 100000
52445 43972
100000 97921 3172
33558 13618 7850 100000
100000 10913 95403
100000 29768
46231 39225 23678 3030
65567 100000 7677
7700 65340 100000
100000 39604 70492
18660 7262 43990
100000 3282 33965 39050
23673 76065 34614
100000 100000
35488 55383 29081 50071
3110 100000 39467
100000 76007
18847 2862 59314 28788
34529 60086 100000
78061 62584 3456
100000 30258 62290
23773 44501 24112 100000
100000 77760
85307 13097 13930
8446 13034 54626 75532
100000 36747
100000 336 34042 100000
39650 13643 44523
100000 5870 100000
100000 100000
84332 34999 91634
18588 100000
40264 24066 100000
14519 100000 100000
47641 100000
31734 13592 3337 55524 59935
59953 71485
100000 12600 29454 100000
71869 100000
100000 27794
13771 100000 55870
100000 96653
100000 86483 54780
54857 29487 100000
30211 100000
66443 70486 14184
49371 95686 29016
13297 100000 40416
8780 95552 18883 8439
33869 44193 64650
95955 75791 100000
4277 45704 59924
7970 13544 13796 100000
30476 100000 100000
62872 13674
39289 100000 100000
100000 21156 71350
54809 100000
100000 100000
40300 34792 28798 71059
34667 19200 100000
80008 85546
3092 34097 100000 50929
100000 88624
23682 100000 14979
84135 69949 19016
85838 100000
45421 60223 49057
34563 100000 56117
29354 14073 100000
91422 24060 29394
75797 39160 9196 34586
75347 100000
5184 100000 14377 55362
49875 34542 100000
4548 100000 89531
19176 100000
40795 13918 59897 100000
82637 3615 44602
69419 18903 100000
30097 29407 75708
8412 90541 70021
18431 29072 100000
23908 100000 55909
46391 73847 23652
74048 100000
22449 28650 48767 100000
33972 18836 50095
33765 49818 34430
23800 100000 14436 70013
100000 100000
24263 100000
54019 100000 100000
65131 75012
100000 14834 100000
3962 34589 44761
52754 81311 60804
3256 39078 68695 23379
23355 100000 53716
100000 89950
100000 53377 2995
54030 100000 48280
17766 100000 7935
7694 59396 100000
5840 32984 100000
43366 68802 100000
100000 8344 2433
100000 35150 23067
100000 10076 100000
3962 100000 19416
100000 100000
100000 7010 326 49773
8198 46025 45393 100000
14681 13896 65459
28626 100000 98059
39374 100000
100000 88290
24395 23780 7893 100000
100000 88051
100000 27491 100000
42842 100000
47206 100000 2687
12600 100000 27596
13630 100000 81174
8582 100000 33799
44763 100000 40402
100000 72958
13549 86092 100000
34540 54022 100000
100000 63343
23567 100000 60042
100000 15631 100000
9545 2484 100000
12956 2760 86628 100000
92813 74260
24503 69505 59253
21791 6628 100000
100000 77725
8732 66058 20602 100000
2087 80725 28026
33258 100000 100000
100000 22429
100000 17470 11537
2663 83333 100000
24030 91519 61689
74603 2391 17651
43333 18439 100000
12387 27933 53405 53634
59465 18666 84164
100000 100000
100000 61071 100000
73590 48707
100000 28333 89322
85841 60230
54996 3651 100000
100000 137 100000
100000 53534
42446 100000 100000
82413 23979 69542
59804 79441
100000 100000
37213 100000 44072
100000 25011 2970
100000 35354 13165 12878
38363 100000 42857
13162 100000 100000
46986 64028
100000 100000
11448 12967 100000 68119
43304 17969 84633
100000 77814
83985 89090
78895 43346 58979
2637 100000 98534
53679 33473 100000
68393 84212
69109 79264
48612 100000 17849
63580 94582 64029
58716 53678 100000
17910 100000
100000 24989 23529
93180 323 100000
25068 74308 69863
100000 59159
28503 18177 100000 19557
97864 3121 38837
100000 100000
98190 3237 100000
100000 10034 74487
100000 100000
97413 51763
18391 28863 39591 100000
30206 100000 92055
100000 84231
13149 38923 100000
100000 72690
80656 50220 75073
100000 93639
55153 45005 9087
60724 44770 49648
100000 72146 45128
60288 24329 100000
29445 100000 100000
33599 45717
3559 100000 30625 100000
100000 33120
100000 99190
19350 39678 100000
23149 100000 28656
100000 100000
27266 53878 100000
100000 16616 23287 38244
100000 100000
8171 100000 7158
72264 18671 100000
20065 100000 14699
100000 27299 100000
100000 42108
18438 100000 4083 100000
15663 85388
13723 84358 100000
18768 39484 8310 44312
13154 13399 8263 18143 100000
100000 40414
100000 13617 13425
100000 100000
21363 18475 100000 18739
34306 3229 39097 18882
90544 28616 100000
100000 16093
23931 100000 61432
70969 62679 69287
85372 49979 3371
34142 100000 100000
100000 100000
11984 18138 29368 100000
100000 5269
100000 69067 100000
24602 100000
72558 54562 55726
70610 100000
80916 24124 95155
100000 100000
100000 7645 82916
48389 100000
7285 100000 27718 100000
32570 100000
43019 100000 2372
43504 100000 52104
53388 100000
73418 100000 49504
33654 100000
100000 77062 8343
100000 100000
100000 660 28086 53629
100000 683 2894
27923 100000 100000
68022 100000
2223 66272 2556 63585
79061 100000
100000 77605
2959 100000 2617 43121
100000 100000
100000 5740 100000
59599 2891 100000
44293 58901 54694
54764 49077 48116
31558 49399 100000
100000 100000
50596 23589 28904
100000 65508 45795
59386 49604 74885
13420 1926 68117
43519 68894 89255
28232 38825 100000
50460 100000
35048 48743 3050 64248
58555 18394 100000
95984 100000
100000 17364 100000
13811 28836 54378
48921 79311 28510
100000 100000
57351 53265 3223 43448
23416 100000 37394
13475 83777 38911
58413 100000 52653
43668 23319 18241
89092 100000 100000
92712 8120
100000 100000
561 33206 100000 47893
73667 74272
100000 100000
37132 58606 13189 13152
100000 88750
84054 33448 100000
100000 52539
33166 100000 100000
41502 3445 81050
54984 100000 36954
3530 80983 39410
100000 6707 7759 100000
49075 100000
48818 100000
23445 58353 100000
33176 8136 58654 100000
14463 63628 100000
4746 7558 100000
100000 33677
3076 48854 100000 100000
52963 100000
31114 75401 60877
100000 100000
100000 59482
44947 100000 100000
11930 100000 100000
41060 100000
4269 100000 100000
8469 100000
22696 44800 100000
56731 83556 3281 100000
76144 100000
100000 6377 34321
100000 100000
31454 100000 67619
18987 100000
93255 100000 10586
90290 100000
100000 26885 13955 100000
51999 81532
13676 50346 71260
3274 100000 82336
100000 100000
32986 85528 76157
76470 50537 14142
48968 100000 100000
66776 29145
33850 100000 100000
51467 18721 8144 100000
100000 68847
100000 9128 81290
100000 56450
100000 100000
87351 80192
3179 2775 8105 59254 13337
100000 66205 100000
343 13030 100000
100000 22560
100000 81369 100000
12812 100000
54670 43337 100000
18065 100000 100000
73684 49147
59433 7924 79490
59452 8233 100000
100000 14560 90317
67906 85883
89566 44940 90924
100000 59643
65153 13681 100000
607 8015 34156 8494 44759
100000 100000
4973 100000 100000
28773 34089 100000
81454 8290 100000
100000 5574
54195 100000 100000
31506 100000
34903 33986 13431 100000
100000 100000
100000 31892 100000
78838 23920
95597 39894 90468
69781 29098 29237
100000 100000
9712 3001 13121 18666 100000
100000 48358
59754 93982
100000 31498 69958
23668 100000 14466
33804 75266 100000
91608 94859
78573 79837 100000
100000 55012
65141 70499 70958
59732 65550
13535 8727 13459 18811 100000
10892 100000
10793 100000 100000
37529 100000 66184
95555 85845
100000 71861
50335 13844 23629 92230
100000 50932
60129 71109 81594
39236 100000 100000
47410 49722
28644 100000 100000
52305 39285 100000
100000 66568
86467 18962 100000
40299 51453 50456
80700 34605 29288
39341 39575 100000
92022 100000
42233 59938 8712
100000 47962 34331
34418 100000 14607
39440 100000 75969
3504 100000 6207
100000 100000 10730
77232 96173
100000 16573 13872 100000
10144 44036 100000
100000 5149
8094 69967 100000
100000 5920 13042 100000
100000 56957
75653 39975 100000
45348 51935 100000
19885 91280
100000 15805 80225
60228 100000
19346 65898 100000
29051 28919 80204
100000 18443 70229
44267 16954 85840
100000 3440 100000
100000 42511
100000 45243 100000
68648 8309 100000
100000 23348
100000 100000
52626 44112 13376 100000
45221 64864
34184 38800 100000
10651 70426 8143 95203
100000 10111 100000
100000 100000
27066 23573 60729
100000 100000
25986 59797 100000
67012 85393
100000 47188 100000
75545 49350
3279 81199 55109 24044
44486 3775 100000
13386 100000 92693
100000 100000
131 74511 18863 100000
10575 95337
100000 42096 39388
65223 100000 93210
23761 100000
100000 100000
51979 70531 90592
64615 3684 44339
100000 4027 91081
39098 8347 100000
91332 93703
75921 55854 8372 100000
61475 100000
100000 31268
60150 24332 44908 100000
100000 52781
34371 23917 55361
39117 54650 8416 100000
87180 54671
55268 44988 95103
23794 100000 14510
13655 100000 100000
100000 36901
59594 71427 100000
10932 7938 28581 91099
18692 29717 100000
100000 7928 100000
66779 66190
70143 100000 32192
29551 34571 100000
4238 100000 96434
100000 76821
8973 69949 19166
69409 100000 100000
70171 24749 100000
67495 13953
8768 89384 75971
75314 64502 100000
59256 100000
834 100000 4224 100000
25227 55047 100000
59660 54718
34087 100000 40699
100000 80780
34682 13964 92547 19061
82822 24286 100000
100000 45060
13664 86890 65377
70433 24235 39986
100000 36482 29424
100000 100000 1788
100000 26128 14010
100000 100000 31995
44993 55436 100000
94358 100000
72274 70619
8755 76183 60400
100000 14901 100000
61882 29470 39589
100000 100000
100000 67124 100000
10236 23953 71625
14052 90641 13950 88486
27579 19112 81748
91478 44929
42998 34378 50453 100000
100000 50832
42219 38906 8237
81767 95921 3088
54328 13289 2934 100000
83447 100000
59710 100000
80559 75991 23767
54321 49240 100000
60631 95640
100000 24363 86912
13352 8378 100000
96086 73360 8184
100000 66451 100000
83465 49487
100000 80977
100000 91368 100000
19588 85326
34040 3160 100000
30868 100000 50054
39227 55172 8624 95403
59532 60672
100000 100000
19758 85458 29494 100000
49691 100000
44809 100000 40120
8264 95224 100000
71854 100000
24440 8369 18004 65771
100000 100000
68141 29294 3278
100000 100000 100000
100000 16906
100000 4199 69721
100000 50322 44603
100000 40797
100000 50829 54677
29134 100000 100000
77059 49741
100000 9024 100000
100000 66965
33731 75341 59765
49535 100000 29668
43930 91845 100000
89330 95863
3034 38995 54356
100000 100000
97870 100000
34932 100000 19616 13637
2837 100000 100000
100000 2286 13350
100000 29092 59498
65087 100000
100000 100000
5579 64884 12898 28431
8071 100000 2551 89478
79439 49276
18443 100000 39185
100000 13003 100000
100000 25113 23453
100000 100000
74813 23537 100000
3341 100000 51062
100000 30347 100000
38344 100000
100000 3497 100000
30654 99701
100000 2434 65519
8213 81163 28812 38697
23145 94682 100000
39187 3059 100000
100000 100000
34460 28045 28693
28434 28416 70214 53809
39011 100000
10214 18826 100000 23970
59697 100000
53429 100000 5624
100000 23612 51772
33595 66668 28659 100000
50580 100000
100000 38657 100000
44355 18343 54344
95395 100000
12666 100000 3080
17824 100000 50022
100000 100000
29720 50855 99291
100000 90552
100000 14424 64453
80491 38574 28244
13532 99243 39573
100000 17754 100000
49609 74203 100000
34539 100000
51003 28705 38466
66106 13359 100000
100000 62945 100000
55785 13136 90253
100000 17619
74235 68497 38771
100000 90566
23175 100000 2788 18030
100000 68870
96188 100000 17698
100000 34926 8007
44859 91277 8355
88143 100000
100000 32797 100000
94020 23168 68837
58328 34246 33117
100000 78171
100000 69193 100000
100000 75888
100000 50427
84664 13294 89295
58901 58506 3227
12874 38550 85522
48626 44543 36748 100000
100000 100000
99966 18195
29370 23412 18175 100000
19288 39296 74184
100000 99044
89355 76252
33313 2992 100000 82072
84512 13219 2917
12914 28533 100000
12908 18347 28628 100000
52716 100000
48703 100000 53731
33654 100000 66255
38741 13120 100000
100000 19526 34034
38515 100000 24224
13081 44303 3170 50027
8137 33480 100000
84099 11747 43980
67816 100000 40460
100000 90609
49179 84708 3252
7935 23286 49201 100000
100000 49112
8229 18377 55159 100000
100000 100000
100000 88353
3195 3109 99202
54513 100000 12794
100000 8669 100000
100000 88738
100000 100000
63533 13874 100000
10380 8752 100000 100000
72866 29307
13498 100000 30943
45664 3639 100000 61920
75544 60215
100000 579 66180
75515 79357 63838
59023 23442 100000
68428 100000
63639 100000
78286 99161 89256
100000 37980
79028 88626
100000 100000
6534 38683 89369 18506
73643 100000
2648 3206 2874 100000
47929 100000 32921
3148 100000 100000
100000 31567 23451
100000 88514
48841 100000 100000
17075 58652 69114
74285 100000
43147 13243 93966
63936 100000
48919 100000 98917
13069 100000
22322 100000 100000
47580 43730 53726
28369 100000 100000
1490 73460 53712
23071 100000
100000 100000 35893
100000 100000
100000 26387 83797
84185 85505
60042 56025 65569
100000 87936
91517 100000
62959 65426 86799
3380 100000 15919
100000 67611
34245 100000 100000
81899 18787 19474
100000 11289 50689
100000 100000
1503 81495 60623 29357
91010 18403 3388
100000 100000 51007
13394 85372 3202
44423 100000 5013
100000 35528 100000
100000 100000
29259 23567 95633
8504 44146 100000
100000 100000
66476 60278 45600
70178 75539 49501
100000 54974
55279 80330 100000
82176 14022 100000
61341 61151
100000 86406
100000 6456 60747
97928 80550 8885
100000 16132 100000
72754 13920 100000
100000 56749
100000 66347 24531
100000 61338
24337 100000 100000
100000 50795
19018 60796 39965 84579
33233 48537 100000
47453 100000
18371 100000 23905
7879 43253 100000
100000 6300 100000
22323 100000 52677
13028 13192 58629
100000 100000
98061 100000 2364
100000 57824 68792
8091 88898 18360
100000 100000
27038 100000 71873
38187 100000
52896 100000 27329
100000 100000
4196 7791 28007 38370
2964 12834 100000 100000
100000 100000
14023 53215 78589
18076 100000 11618
100000 82879
2880 100000 100000
28166 28235 79027
100000 57455
85359 100000 80270
54146 76258
100000 3706 94667
13094 89159 3023
60454 100000 63371
96444 100000
100000 100000
100000 84472
18285 100000 93176
28289 91432 100000
63330 90597
2688 8154 48461 18173
100000 24073 53784
83962 100000
41224 100000 44029
100000 7559 89262
79228 58982
48708 33471 3068 100000
100000 19953 7804
38319 100000 100000
27607 89323
100000 22208 95728
8192 28235 99662
8178 55537 100000
100000 100000
55435 85416 100000
39498 100000
6773 23160 18487 13185 2794
100000 45332 100000
34207 69096
100000 100000
26638 23250 65372 23736
79262 64825 100000
100000 100000
100000 54933
23765 58965 29503 100000
100000 8533
84840 13575 50285
44396 100000 63629
33424 33773 100000
100000 100000
89702 18485 3051
100000 55322 100000
100000 100000
100000 49119
13394 100000 93054
23524 3110 100000
2797 74010 100000
100000 100000
13348 28178 84905
7838 100000 100000
9033 100000 2333
100000 100000 14277
49178 89517 94850
8183 100000
41106 59000 69151
100000 100000
45296 28988 84307
13060 100000 85260
73759 79417 69056
65437 80651
100000 75301
2880 100000 51417 100000
20181 9006 100000
20006 24131 100000
717 74382 100000
24788 100000
81885 76497 13731
100000 100000 100000
2231 44530 46438
100000 100000
31160 44276 100000
100000 88758
23561 23931 44836 100000
100000 15234
100000 52053 76263
18953 76245 8485
18647 96307 100000
61048 18425 13370
23266 100000 100000
21647 100000 71626
8183 74800 8275
100000 100000
100000 100000 45767
64575 69847
39344 100000 100000
20167 39301 100000
100000 100000
40919 8457 100000
4070 54979 23533 100000
39584 100000
37843 81616 19715
100000 53684 49467
2949 100000 100000
100000 60948
23662 100000 76551
55907 23665 100000
86759 78520
18782 29281 100000
100000 38085 100000
100000 61489
24065 29438 95916
100000 100000
99397 91130
8833 81656 100000
9543 100000 51304
8281 90744 3566 50065
100000 100000
12586 8551 100000
100000 100000 14878
19145 39925 100000
100000 100000
100000 17807 100000
9068 23553 100000
100000 73918
44617 44703 100000
100000 100000
19413 60023 24377 100000
25354 74834 90859
50386 46693
53444 100000 15326
44825 100000 100000
100000 100000
100000 52069
100000 8471 18162 100000
100000 99816
85666 100000
100000 96984
8694 100000 18874
86544 49106 65108
100000 100000
61844 8356 23592
100000 86159 59437
100000 23886 95957
100000 9180
60338 100000 26113
94799 100000
9839 29140 100000
39958 34047 3151 100000
14280 100000 100000
36357 34391 29300
60917 59900 13962
100000 100000
18998 100000 100000
54270 49577 100000
84419 3646 65049
24045 14106 100000
72214 8780 90746
76691 42331 100000
77608 100000
100000 100000
47249 3071 100000
24762 100000 100000
30618 100000
71461 50121 100000
35956 80861
8848 96186 34950 100000
100000 100000
100000 100000
100000 4705
2893 75908 100000
80927 49636 34319
100000 68042 8670
44637 92382 8432
100000 100000 55135
100000 20386
44205 59291 54837
8480 97018 100000
96137 91640
85039 60949 27665
100000 100000
100000 100000
100000 100000 59977
100000 100000
57222 95393
100000 65918 86407
100000 36774
3471 76593 100000
5802 8144 49351 55491
19231 100000 100000
76815 100000
25117 90723 24502
100000 100000
14357 55490 80911
3391 55280 100000
1260 32702 18164 74597
28654 49044 64695 100000
100000 34940
48989 100000
54050 64214 100000
8343 100000 23291
100000 100000
28182 33870 79480
38553 8473 53784 100000
65136 100000
100000 12801 100000
100000 32965
13427 100000 43505
28559 100000 6069 59225
100000 100000
1910 100000 31651
13316 69248 94530
77038 100000
100000 100000
47737 69468 18155 100000
100000 12746
100000 18032 2911 38656
100000 100000
100000 100000
26772 100000 75540
100000 55674
79194 100000
3997 100000 34472 8233
100000 53472 8133
100000 94168
100000 100000
44137 100000 100000
100000 9735 100000
16004 100000
53696 74181 100000
100000 33191
12894 33437 3081 64192
100000 96741
38905 65333 100000
22855 38642 95567
100000 100000
100000 100000
50430 45476 100000
5777 100000 21859
100000 100000
22471 65025 29302 86726
85215 100000
70746 70003 100000
56851 96592
34754 44594 100000
82964 8661 100000
5134 100000
96574 100000 9595
100000 24181 86106
100000 100000
100000 100000
30739 100000 11601
74882 18889 100000
100000 100000
49092 34621 13554 44821
100000 100000
62980 3429 8401 100000
100000 100000
98754 55685
23771 100000 30736
100000 74067 85431
54549 66145
49593 100000 100000
100000 2790
100000 50838 29315
100000 95157
100000 27468 66257
87041 50477 19279
100000 100000
3372 23945 60893 100000
30521 76080 100000
39847 100000
100000 100000
100000 100000
79411 8844 100000
100000 27745 28879
44514 91428 100000
3381 79865 100000
8693 79396 100000
100000 16278
81454 100000
73529 100000 15082
39695 18874 78582
59251 8573 50520 100000
100000 42299
86361 100000
100000 18456 100000
10719 100000 68053
100000 40687
100000 100000
38022 29200 39948 100000
25095 29782 100000
25939 100000 13218
58622 100000
27546 100000 100000
36235 93521 32952
73832 7973 100000
100000 36946
99353 78856 100000
83092 99451
38337 100000
78079 28180 100000
23563 71147 8864
44233 100000 87882
100000 85778
3290 100000 71497
91249 19281 100000
30783 100000
93175 100000
30246 100000 100000
16824 80836 54997
100000 100000
72738 3355 3548 100000
100000 100000
100000 58947
100000 4639 100000
100000 9726 100000
55638 19060
18798 100000 56397
100000 100000
83490 100000 21694
66105 100000 77397
64961 84257
100000 100000
6282 27745 94259
13074 100000 100000
43288 2927 13007 100000
58468 100000
100000 28168 79630
100000 100000
34010 13172 44340
38396 100000 33161
100000 100000
27329 100000 23760
78975 100000 38227
100000 52750
23402 89735 100000
48548 8372 100000
42724 74145 100000
6791 100000
97337 49527 2997 17974
100000 100000
25174 100000 100000
39187 18560 100000
7568 53692 100000
100000 55734
100000 55455 74113
12852 100000
39882 66757 79444
100000 100000
38019 84194 100000
2242 65030 100000
100000 100000
60969 70934
28715 90603 100000
100000 100000
100000 11943 65499
90402 70582
8350 55572 55322 28922
60456 34681 8068 80939
70900 60498
13714 2679 13111 33621 45490
63994 34885 89311
100000 23433
13259 100000 84584
99793 100000
33567 74294 100000
2054 28389 48818 84427
84507 49658
38503 8513 29062 100000
100000 61510
74335 100000
17051 48910 18477 100000
56675 23672 100000
1029 8019 100000
33090 80730 54202
100000 18301 48946
79861 23789 18689
43555 100000 18859
100000 64134 49147
100000 11952 100000
100000 80469
44154 3166 13274 70089
43669 100000
17553 33768 100000
2640 58606 89181
53553 89242 58622
48451 13093 88983
89150 53776 29924
2974 38222 33432 100000
27574 33250 63605
100000 73104
23354 18412 100000
12120 89007 100000
42350 2951 100000
88531 100000
7270 32871 33509 33186
94181 2953 100000
42717 100000
42618 89172 18127 8043
12784 61515 64074
7960 2889 17939 68568
100000 100000
88321 99353 33441
78883 63886 100000
11978 83242
7977 2706 100000 100000
11163 74076
12913 100000 22685 79275
93141 18440
100000 47633 83605
2591 89210 100000
36558 100000
21412 100000 52604
100000 41824 18035
100000 91942
93620 53063 43314
7704 73112 13090
37957 33469 94228
7960 28276 13107 48510 8144
73690 8113 53544
83509 100000
37911 100000 17403 100000
100000 1697
100000 100000
100000 15628 100000
55553 28589 100000
89202 74455
100000 24622 100000
100000 100000
32318 100000
98996 100000
100000 22592 100000
100000 100000
100000 100000
100000 100000
100000 100000
100000 100000
100000 100000
100000 100000
100000 100000 100000
100000 41808
100000 100000
100000 100000
100000 100000
100000 100000
100000 100000
100000 100000 100000
100000 100000
100000 100000
100000 100000
84874 23910
100000 100000
100000 100000 100000
100000 51028
100000 100000
100000 100000
100000 100000
100000 51273 100000
100000 96912
100000 100000
100000 100000
100000 100000
100000 100000
100000 49130
100000 100000 100000
100000 100000
100000 100000
100000 100000
100000 100000
100000 100000
100000 100000
100000 100000
100000 100000
100000 100000
100000 100000 100000
100000 100000
100000 100000
100000 100000
100000 100000
100000 100000
100000 100000
100000 100000
100000 100000
100000 100000
100000 100000
100000 100000 100000
84946 100000
100000 100000
100000 100000
76240 81355
100000 100000
100000 100000 100000
100000 100000
100000 100000
100000 100000
88797 100000
100000 100000
96255 100000
87271 100000
100000 100000
100000 100000
100000 18294 100000
100000 100000
100000 100000
100000 100000
100000 100000
100000 100000 100000
84075 100000
100000 100000
100000 100000
100000 100000
100000 100000
100000 100000
100000 100000
100000 100000
100000 100000
100000 100000 100000
100000 100000
100000 100000
100000 100000
100000 100000
100000 100000
100000 100000
100000 100000
100000 100000
100000 100000
100000 100000
100000 100000 100000
100000 100000
100000 100000
100000 100000
100000 100000
100000 100000
100000 100000
100000 100000
100000 100000
100000 100000
100000 100000
100000 100000
100000 100000 100000
100000 100000
100000 100000
100000 100000
100000 100000
100000 100000
100000 100000
100000 100000
100000 100000
100000 100000
100000 100000 100000
100000 100000
100000 100000
100000 100000
100000 100000
100000 100000
100000 100000
100000 100000
100000 100000
100000 100000
100000 100000
100000 100000 100000
100000 100000
100000 100000
100000 100000
100000 100000
100000 100000
100000 100000
100000 100000
100000 100000
100000 100000
100000 100000
100000 100000
100000 100000 100000
100000 100000
100000 100000
100000 100000
100000 100000
100000 100000
7890 100000 100000
100000 100000
100000 100000
100000 100000
100000 100000
100000 100000
100000 100000
100000 100000
100000 100000
100000 100000 100000
100000 100000
100000 100000
100000 100000
100000 100000
100000 100000
100000 100000
100000 100000
100000 100000
100000 100000
100000 100000
100000 100000 100000
100000 100000
100000 100000
100000 100000
100000 100000
100000 100000
100000 100000
100000 100000
100000 100000
100000 100000
100000 100000
100000 100000 100000
100000 100000
100000 100000
100000 100000
100000 100000
100000 100000
100000 100000
100000 100000
100000 100000
100000 100000
100000 100000 100000
100000 100000
100000 100000
100000 100000
100000 100000
100000 100000
100000 100000
100000 100000
100000 100000
100000 100000
100000 100000
100000 100000 100000
100000 100000
100000 100000
100000 100000
100000 100000
100000 100000
100000 100000
100000 100000
100000 100000
100000 100000
100000 100000 100000
100000 100000
100000 100000
100000 100000
100000 100000
100000 100000
100000 100000
100000 100000
100000 100000
100000 100000
100000 100000
100000 100000 100000
100000 100000
100000 100000
100000 100000
100000 100000
100000 100000
100000 100000
100000 100000
100000 100000
100000 100000
100000 100000
100000 100000 100000
100000 100000
100000 100000
100000 100000
100000 100000
100000 100000
100000 100000
100000 100000
100000 100000
100000 100000
100000 100000
100000 100000 100000
100000 100000
100000 100000
100000 100000
100000 100000
100000 100000
100000 100000
100000 100000
100000 100000
100000 100000
100000 100000 100000
100000 48251
100000 100000
100000 100000
100000 100000
100000 100000
100000 100000 100000
100000 100000
100000 100000
100000 100000
100000 100000
100000 100000
100000 100000
100000 100000
100000 100000
100000 100000
100000 100000 100000
100000 100000
100000 100000
100000 100000
100000 100000
100000 100000
100000 100000
100000 100000
100000 100000
100000 100000
100000 100000 100000
100000 100000
100000 100000
100000 100000
100000 100000
100000 100000
100000 100000
100000 100000
100000 100000
100000 61299 100000
100000 100000
100000 100000
100000 100000
100000 100000
100000 100000
100000 100000
100000 100000
100000 100000
100000 100000 100000
100000 100000
100000 100000
100000 100000
100000 100000
100000 100000
100000 100000
100000 100000
100000 100000
100000 100000
100000 100000
100000 100000 100000
100000 100000
100000 100000
100000 100000
100000 100000
100000 100000
100000 100000
100000 100000
100000 100000
100000 100000
100000 100000 100000
100000 100000
100000 100000
100000 100000
100000 100000
100000 100000
100000 100000
100000 100000
100000 100000
100000 100000
100000 100000
100000 100000
100000 100000 100000
100000 100000
100000 100000
100000 100000
100000 100000
100000 100000
100000 100000
100000 56402
100000 100000 100000
100000 100000
100000 100000
100000 100000
100000 100000
100000 100000
100000 100000
100000 100000
100000 100000
100000 100000
100000 100000 100000
100000 100000
100000 100000
100000 100000
100000 100000
100000 100000
100000 100000
100000 100000
100000 100000
100000 100000 100000
100000 100000
100000 100000
100000 100000
100000 100000
100000 100000
100000 100000
100000 100000
100000 100000
100000 100000
100000 100000 100000
100000 100000
100000 100000
100000 100000
100000 100000
100000 100000
100000 100000
100000 100000
100000 100000
100000 100000
100000 100000 29570
100000 100000
100000 100000
100000 100000
100000 100000
100000 100000 100000
100000 100000
100000 100000
100000 100000
100000 100000
100000 100000
100000 100000
100000 100000
100000 100000
100000 100000
100000 100000 100000
100000 100000
100000 100000
100000 100000
100000 100000
100000 100000
100000 100000
100000 100000
100000 100000
100000 100000
100000 100000
100000 100000 100000
100000 100000
100000 100000
100000 100000
100000 100000
100000 100000
100000 100000
100000 100000
100000 100000
100000 100000
100000 100000 100000
100000 100000
100000 100000
100000 100000
100000 100000
100000 100000
100000 100000
100000 100000
100000 100000
100000 100000 100000
100000 100000
100000 100000
100000 100000
100000 100000
100000 100000
100000 100000
100000 100000
100000 100000
100000 100000
100000 100000 100000
100000 100000
100000 100000
100000 100000
100000 100000
100000 100000
100000 100000
100000 100000
100000 100000
100000 100000
100000 100000 100000
100000 100000
100000 100000
100000 100000
100000 100000
100000 100000
100000 100000
100000 100000
100000 100000
100000 100000 100000
100000 100000
100000 100000
100000 100000
100000 100000
100000 100000
100000 100000
100000 100000
100000 100000
100000 100000
100000 100000
100000 100000 100000
100000 100000
100000 100000
100000 100000
100000 100000
100000 100000
100000 100000
100000 100000
100000 100000
100000 100000
100000 100000
100000 100000 100000
100000 100000
100000 100000
100000 100000
100000 100000
100000 100000
100000 100000
100000 100000
100000 100000
100000 100000
100000 100000
100000 100000
100000 100000 100000
100000 100000
100000 100000
100000 100000
100000 100000
100000 100000
100000 100000
100000 100000
100000 100000
100000 100000
100000 100000
100000 100000 100000
100000 100000
100000 100000
100000 100000
100000 100000
100000 100000
100000 100000
100000 100000
100000 100000
100000 100000 100000
100000 100000
100000 100000
100000 100000
100000 100000
100000 100000
36973 100000
100000 100000 100000
100000 100000
100000 100000
100000 100000
100000 100000
100000 100000
100000 100000
100000 100000
100000 100000
100000 100000
100000 100000
100000 100000 100000
100000 100000
100000 100000
100000 100000
100000 100000
100000 100000
100000 100000
100000 100000
100000 100000
100000 100000
100000 100000
100000 100000 100000
100000 100000
100000 100000
100000 100000
100000 100000
100000 100000
100000 100000
100000 100000
100000 100000
100000 100000
100000 100000
100000 100000
100000 100000 100000
100000 100000
100000 100000
100000 100000
100000 100000
100000 100000
100000 100000
100000 100000
100000 100000
100000 100000
100000 100000
100000 100000
100000 68752 100000
100000 100000
100000 100000
100000 100000
100000 100000
100000 100000
100000 100000
100000 100000
100000 100000 100000
100000 100000
100000 100000
100000 100000
100000 100000
100000 100000
100000 100000
100000 100000
100000 100000
100000 100000
100000 100000
100000 100000 100000
100000 100000
100000 100000
100000 100000
100000 100000
100000 100000
100000 100000
100000 100000
100000 100000
100000 100000
100000 100000 100000
100000 100000
100000 100000
100000 100000
100000 100000
100000 100000
100000 100000
100000 100000
100000 100000
100000 100000
100000 100000
100000 100000 100000
100000 67291
100000 100000
100000 100000
100000 100000
100000 100000
100000 100000
72583 14285 100000
100000 100000
100000 100000
100000 100000
100000 100000 100000
100000 100000
100000 100000
100000 100000
100000 100000
100000 100000
100000 100000
100000 100000
100000 100000
100000 100000
100000 100000 100000
100000 100000
100000 100000
100000 100000
100000 100000
100000 100000
100000 100000
100000 100000
100000 100000
100000 100000
100000 100000
100000 100000
100000 100000 100000
100000 100000
100000 100000
100000 100000
100000 100000
100000 100000
100000 100000
100000 100000
100000 100000
100000 100000
100000 100000
100000 100000
100000 100000
100000 100000
100000 100000 100000
100000 100000
100000 100000
100000 100000
100000 100000
100000 100000
100000 100000
100000 100000
100000 100000
100000 100000
100000 100000
100000 100000
100000 100000
100000 100000
100000 100000 100000
100000 100000
100000 100000
100000 100000
100000 100000
100000 100000
100000 100000
100000 82071
100000 100000
100000 100000
100000 100000
100000 100000
100000 100000 100000
100000 100000
100000 100000
100000 65724
100000 100000
100000 100000
100000 100000
100000 100000
100000 100000 100000
100000 100000
100000 100000
100000 100000
100000 100000
100000 70151
100000 100000
100000 100000
100000 100000
100000 100000 100000
100000 100000
100000 100000
100000 100000
100000 100000
100000 100000
100000 100000
100000 100000
100000 100000
100000 100000 100000
100000 100000
100000 100000
100000 100000
100000 100000
100000 100000
100000 100000
100000 100000
100000 100000
100000 100000
100000 100000
100000 100000 41081
100000 100000
100000 100000
100000 100000
100000 100000
100000 100000
100000 100000 100000
100000 100000
100000 100000
100000 100000
100000 100000
100000 100000
100000 100000
100000 100000
100000 100000
100000 100000
100000 100000 100000
100000 100000
100000 100000
100000 100000
100000 100000
100000 100000
100000 100000
100000 100000
100000 100000
100000 100000
100000 100000 100000
100000 100000
100000 100000
100000 100000
100000 100000
100000 100000
100000 100000
100000 100000
100000 100000
100000 100000
100000 100000
100000 100000
100000 100000
100000 100000
100000 100000
100000 100000 30203
100000 100000
100000 100000
100000 90378
100000 100000
100000 100000 100000
100000 100000
100000 100000
100000 100000
100000 100000
100000 100000
100000 100000
100000 100000
100000 100000
100000 100000
100000 100000
100000 100000
100000 100000
100000 100000 100000
100000 100000
100000 100000
100000 100000
100000 100000
100000 100000
100000 100000
100000 100000
100000 100000
100000 100000
100000 100000
100000 100000
100000 100000
100000 100000
100000 100000 100000
100000 100000
100000 100000
100000 100000
100000 100000
100000 100000
100000 100000
100000 100000
100000 100000
100000 100000
100000 100000
100000 100000
100000 100000 100000
100000 46443
100000 100000
100000 100000
100000 100000
100000 100000
100000 100000
100000 100000 100000
100000 100000
100000 100000
100000 100000
100000 100000
100000 100000
100000 100000
100000 100000
100000 100000
100000 100000
100000 100000
100000 100000 100000
100000 100000
100000 100000
100000 100000
100000 100000
100000 100000
100000 100000
100000 100000
100000 100000 100000
100000 100000
100000 100000
100000 100000
100000 100000
100000 100000
100000 100000
100000 100000
100000 100000
100000 100000 100000
100000 100000
100000 100000
100000 100000
100000 100000
100000 100000
100000 100000
100000 100000
100000 100000
100000 100000 100000
100000 100000
100000 70318
100000 100000
100000 100000
100000 100000
100000 100000
100000 100000 100000
100000 100000
100000 100000
100000 100000
100000 100000
100000 100000
100000 100000
100000 100000
100000 100000
100000 100000 100000
100000 100000
100000 100000
100000 100000
100000 100000
100000 100000
100000 100000
100000 100000
100000 100000
100000 100000 100000
100000 100000
100000 100000
100000 100000
100000 100000
100000 100000
100000 100000
100000 100000
100000 100000
100000 100000 100000
100000 100000
100000 100000
100000 100000
100000 100000
100000 100000
100000 100000
100000 100000
100000 100000
100000 100000 100000
100000 100000
100000 100000
100000 100000
100000 100000
100000 100000
100000 100000
100000 100000
100000 100000
100000 100000 100000
100000 100000
100000 100000
100000 100000
100000 100000
100000 100000
100000 100000
100000 100000
100000 100000
100000 100000 100000
100000 54387
100000 100000
100000 100000
100000 100000
100000 100000
100000 100000
100000 100000 100000
100000 100000
100000 100000
100000 100000
100000 100000
100000 100000
100000 100000
100000 100000
100000 100000
100000 100000 100000
100000 100000
100000 100000
100000 100000
100000 100000
100000 100000
100000 100000
100000 100000
100000 100000
100000 100000 100000
100000 100000
100000 100000
100000 100000
100000 100000
100000 100000
100000 100000
100000 100000
100000 100000
100000 100000 100000
100000 100000
100000 100000
100000 100000
100000 100000
100000 100000
100000 100000
100000 100000
100000 100000
100000 100000
100000 100000 100000
100000 100000
100000 18912
100000 100000
100000 100000 100000
100000 100000
100000 100000
100000 100000
100000 100000
100000 100000
100000 100000
100000 100000
100000 100000
100000 100000
100000 100000 100000
100000 100000
100000 100000
100000 100000
100000 100000
100000 100000
100000 100000
100000 100000
100000 100000
100000 100000
100000 100000
100000 100000 100000
100000 100000
100000 100000
100000 100000
100000 100000
100000 100000
100000 100000
100000 100000
100000 100000
100000 100000
100000 100000 100000
100000 100000
100000 100000
100000 100000
100000 100000
100000 100000
100000 100000
100000 100000
100000 100000
100000 100000 100000
100000 100000
100000 100000
100000 100000
100000 100000
100000 100000
100000 100000
100000 100000
100000 100000
100000 100000
100000 100000 100000
100000 100000
100000 100000
100000 100000
100000 100000
100000 100000
100000 100000
100000 100000
100000 100000
100000 100000
100000 100000
100000 100000
100000 100000 100000
100000 100000
100000 100000
100000 100000
100000 100000
100000 100000
100000 100000
100000 100000
100000 100000
100000 100000
100000 100000
100000 100000
100000 100000 100000
100000 100000
100000 100000
100000 100000
100000 100000
100000 100000
100000 100000
100000 100000
100000 100000
100000 100000
100000 100000
100000 100000 100000
100000 100000
100000 100000
100000 74601
100000 100000
100000 100000
100000 100000
100000 100000
100000 100000
100000 100000 100000
100000 100000
100000 100000
100000 100000
100000 100000
100000 100000
100000 100000
100000 100000
100000 100000
100000 100000
100000 100000 100000
100000 100000
100000 100000
100000 100000
100000 100000
100000 100000
100000 100000
100000 100000
100000 100000
100000 100000
100000 100000 100000
100000 100000
100000 100000
100000 100000
100000 100000
100000 100000
100000 100000
100000 100000
100000 100000
100000 100000
100000 100000 100000
100000 100000
100000 100000
100000 100000
100000 100000
100000 100000
100000 100000
100000 100000
100000 100000
100000 100000
100000 100000
100000 100000
100000 100000
100000 100000
100000 100000 100000
100000 100000
100000 100000
100000 100000
100000 100000
100000 100000
100000 100000
100000 100000
100000 100000
100000 100000
100000 100000
100000 100000
100000 100000
100000 100000
100000 100000 100000
100000 100000
100000 100000
100000 100000
100000 100000
100000 100000
100000 100000
100000 100000
100000 100000
100000 100000
100000 67016
100000 100000 100000
100000 100000
100000 100000
100000 100000
100000 100000
100000 100000
100000 100000
100000 100000
100000 100000
100000 100000
100000 100000
100000 100000 100000
100000 100000
100000 100000
100000 100000
100000 100000
100000 100000
100000 100000
100000 100000
100000 100000
100000 100000
100000 100000 100000
100000 100000
100000 100000
100000 100000
100000 100000
100000 100000
100000 100000
100000 100000
100000 100000
100000 100000
100000 100000
100000 100000 100000
100000 100000
85342 100000
100000 100000
100000 100000
100000 100000
100000 100000
100000 100000
100000 100000
100000 100000
100000 100000 100000
100000 100000
100000 100000
100000 100000
100000 100000
100000 100000
100000 100000
100000 100000
100000 100000
100000 100000
100000 100000
100000 100000 100000
100000 100000
100000 100000
100000 100000
100000 100000
100000 100000
100000 100000
100000 100000
100000 100000
100000 100000
100000 100000
100000 100000 100000
100000 100000
100000 100000
100000 100000
100000 100000
100000 100000
100000 100000
100000 100000
100000 100000
100000 100000
100000 100000
100000 100000 100000
100000 100000
100000 100000
100000 100000
100000 100000
100000 100000
100000 100000
100000 100000
100000 100000
100000 100000
100000 100000 100000
100000 100000
100000 100000
100000 100000
100000 100000
100000 100000
100000 100000
100000 100000
100000 100000
100000 100000 100000
100000 100000
100000 100000
100000 100000
100000 100000
100000 100000
100000 100000
100000 100000
100000 100000
100000 100000 100000
100000 100000
100000 100000
100000 100000
100000 100000
100000 100000
100000 100000
100000 100000
100000 100000
100000 100000 100000
100000 100000
100000 100000
100000 100000
100000 100000
100000 100000
100000 100000
100000 100000
100000 100000
100000 100000 100000
100000 100000
100000 100000
100000 100000
100000 100000
100000 100000
100000 100000
100000 100000
100000 100000
100000 100000
100000 100000 100000
100000 100000
100000 100000
100000 100000
100000 100000
100000 100000
100000 100000
100000 100000
100000 100000
100000 100000 100000
100000 100000
100000 100000
100000 100000
100000 100000
100000 100000
100000 100000
100000 100000
100000 100000
100000 100000
100000 100000 100000
100000 100000
100000 100000
100000 100000
100000 100000
100000 100000
100000 100000
100000 100000
100000 100000
100000 100000
100000 100000
100000 100000 100000
100000 100000
100000 100000
100000 100000
100000 100000
100000 100000
100000 100000
100000 100000
100000 100000
100000 100000 100000
100000 100000
100000 100000
100000 100000
100000 100000
100000 100000
100000 100000
100000 100000
100000 100000
100000 100000
100000 100000 100000
100000 100000
100000 100000
100000 100000
100000 100000
100000 100000
100000 100000
100000 100000
100000 100000
100000 100000
100000 100000
100000 100000 100000
100000 100000
100000 100000
100000 100000
100000 100000
100000 100000
100000 100000
100000 100000
100000 100000
100000 100000 100000
100000 100000
100000 100000
100000 100000
100000 100000
100000 100000
100000 100000
100000 100000
100000 100000
100000 100000
100000 100000 100000
100000 100000
100000 100000
100000 100000
100000 100000
100000 100000
100000 100000
100000 100000
100000 100000
100000 100000 100000
100000 100000
100000 100000
100000 100000
100000 100000
100000 100000
100000 100000
100000 100000
100000 100000
100000 100000 100000
100000 100000
100000 100000
100000 100000
100000 100000
100000 100000
100000 100000
100000 100000
100000 100000
100000 100000 100000
100000 100000
100000 100000
100000 100000
100000 100000
100000 100000
100000 100000
100000 100000
100000 100000
100000 100000
100000 100000
100000 100000
100000 100000 100000
100000 100000
100000 100000
100000 100000
100000 100000
100000 100000
100000 100000
100000 100000
100000 100000
100000 100000
100000 100000
100000 100000
100000 100000
100000 100000
100000 100000 100000
100000 100000
100000 100000
100000 100000
100000 100000
100000 100000
100000 100000
100000 100000
100000 100000
100000 100000
100000 100000
100000 100000
100000 100000
100000 100000 100000
100000 100000
100000 100000
100000 100000
100000 100000
100000 100000
100000 100000
100000 100000
100000 100000
100000 100000
100000 100000
100000 100000
100000 100000
100000 100000 100000
100000 100000
100000 100000
100000 100000
100000 100000
100000 100000
100000 100000
100000 100000
100000 100000
100000 100000
100000 100000
100000 100000
100000 100000
100000 100000
100000 100000 100000
100000 100000
100000 100000
100000 100000
100000 100000
100000 100000
100000 100000
100000 100000
100000 100000
100000 100000
100000 100000
100000 100000
100000 100000
100000 100000
100000 100000 100000
100000 100000
100000 100000
100000 100000
100000 100000
100000 100000
100000 100000
100000 100000
100000 100000
100000 100000
100000 100000
100000 100000
100000 100000 100000
100000 100000
100000 100000
100000 100000
100000 100000
100000 100000
100000 100000
100000 100000
100000 100000
100000 100000
100000 100000
100000 100000 100000
100000 100000
100000 100000
100000 100000
100000 100000
100000 100000
100000 100000
100000 100000
100000 100000
100000 100000
100000 100000 100000
100000 100000
100000 100000
100000 100000
100000 100000
100000 100000
100000 100000
100000 100000
100000 100000
100000 100000
100000 100000
100000 100000 100000
100000 100000
100000 100000
100000 100000
100000 100000
100000 100000
100000 100000
100000 100000
100000 100000
100000 100000 100000
100000 100000
100000 100000
100000 100000
100000 100000
100000 100000
100000 100000
100000 100000
100000 100000
100000 100000
100000 100000 100000
100000 100000
100000 100000
100000 100000
100000 100000
100000 100000
100000 100000
100000 100000
100000 100000
100000 100000
100000 100000 100000
100000 100000
100000 100000
100000 100000
100000 100000
100000 100000
100000 100000
100000 100000
100000 100000
100000 100000
100000 100000
100000 100000
100000 100000 100000
100000 100000
100000 100000
100000 100000
100000 100000
100000 100000
100000 100000
100000 100000
100000 100000
100000 100000
100000 100000
100000 100000
100000 100000
100000 100000
100000 100000 100000
100000 100000
100000 100000
100000 100000
100000 100000
100000 100000
100000 100000
100000 100000
100000 100000
100000 100000
100000 100000
100000 100000 100000
100000 100000
100000 100000
100000 100000
100000 100000
100000 100000
100000 100000
100000 100000
100000 100000
100000 100000
100000 100000 100000
100000 100000
100000 100000
100000 100000
100000 100000
100000 100000
100000 100000
100000 100000
100000 100000 100000
100000 100000
100000 100000
100000 100000
100000 100000
100000 100000
100000 100000
100000 100000
100000 100000
100000 100000
100000 100000 100000
100000 100000
100000 100000
100000 100000
100000 100000
100000 100000
100000 100000
100000 100000
100000 100000
100000 100000 100000
100000 100000
100000 100000
100000 100000
100000 100000
100000 100000
100000 100000
100000 100000
100000 100000
100000 100000
100000 100000 100000
100000 100000
100000 100000
100000 100000
100000 100000
100000 100000
100000 100000
100000 100000
100000 100000
100000 100000
100000 100000
100000 100000
100000 100000 100000
100000 100000
100000 100000
100000 100000
100000 100000
100000 100000
100000 100000
100000 100000
100000 100000
100000 100000
100000 100000
100000 100000
100000 100000
100000 100000
100000 100000 100000
100000 100000
100000 100000
100000 100000
100000 100000
100000 100000
100000 100000
100000 100000
100000 100000
100000 100000
100000 100000
100000 100000
100000 100000
100000 100000 100000
100000 100000
100000 100000
100000 100000
100000 100000
100000 100000
100000 100000
100000 100000
100000 100000
100000 100000
100000 100000
100000 100000
100000 100000
100000 100000
100000 100000
100000 100000 100000
65139 100000
100000 100000
100000 100000
100000 100000
100000 100000
100000 100000
100000 100000
100000 100000
100000 100000 100000
100000 100000
100000 100000
100000 100000
100000 100000
100000 100000
100000 100000
100000 100000
100000 100000
100000 100000
100000 100000
100000 100000 100000
100000 100000
100000 100000
100000 100000
100000 100000
100000 100000
100000 100000
100000 100000
100000 100000
100000 100000
100000 100000
100000 100000 100000
100000 100000
100000 100000
100000 100000
100000 100000
100000 100000
100000 100000
100000 100000
100000 100000
100000 100000
100000 100000
100000 100000 100000
100000 100000
100000 100000
100000 100000
100000 100000
100000 100000
100000 100000
100000 100000
100000 100000
100000 100000 100000
100000 100000
100000 100000
100000 100000
100000 100000
100000 100000
100000 100000
100000 100000
100000 100000
100000 100000 100000
100000 100000
100000 100000
100000 100000
100000 100000
100000 100000
100000 100000
100000 100000
100000 100000
100000 100000
100000 100000 100000
100000 100000
100000 69887
100000 100000
100000 100000
100000 100000
100000 100000
100000 100000 100000
100000 100000
100000 100000
100000 100000
98471 100000
100000 100000
100000 100000
100000 100000
100000 100000
100000 100000 100000
100000 100000
100000 100000
100000 100000
100000 100000
100000 100000
100000 100000
100000 100000
100000 100000 100000
100000 100000
100000 100000
100000 100000
100000 100000
100000 100000
100000 100000
100000 100000
100000 100000
100000 100000
100000 100000 100000
100000 100000
100000 100000
100000 100000
100000 100000
100000 100000
100000 100000
100000 100000
100000 100000 100000
100000 100000
100000 100000
100000 100000
100000 100000
100000 100000
100000 100000
100000 100000
100000 100000
100000 100000 100000
100000 100000
100000 100000
100000 100000
100000 100000
100000 100000
100000 100000
100000 100000
100000 100000
100000 100000 100000
100000 100000
100000 100000
100000 100000
100000 100000
100000 100000
100000 100000
100000 100000
100000 100000
100000 100000 100000
100000 100000
100000 100000
100000 100000
100000 100000
100000 100000
100000 100000
100000 100000
100000 100000
100000 100000 100000
100000 100000
100000 100000
100000 100000
100000 100000
100000 100000
100000 100000
100000 100000
100000 100000
100000 100000
100000 100000
100000 100000
100000 100000 100000
100000 100000
100000 100000
100000 100000
100000 100000
100000 100000
100000 100000
100000 100000
100000 100000
100000 100000
100000 100000
100000 100000 100000
100000 100000
100000 100000
100000 100000
100000 100000
100000 100000
100000 100000
100000 100000
100000 100000
100000 100000
100000 100000 100000
100000 100000
100000 100000
100000 100000
100000 100000
100000 100000
100000 100000
100000 100000
100000 100000
100000 100000
100000 100000
100000 100000 100000
100000 100000
100000 100000
100000 100000
100000 100000
100000 100000
100000 100000
100000 100000
100000 100000
100000 100000
100000 100000
100000 100000 100000
100000 100000
100000 100000
100000 100000
100000 100000
100000 44161
100000 100000
100000 100000 100000
100000 100000
100000 100000
100000 100000
100000 100000
100000 100000
100000 100000
100000 100000
100000 100000
100000 100000
100000 100000
100000 100000
100000 100000
100000 100000 100000
100000 100000
100000 100000
100000 100000
100000 100000
100000 100000
100000 100000
100000 100000
100000 100000
100000 100000
100000 100000
100000 100000 100000
100000 100000
100000 100000
100000 100000
100000 100000
100000 100000
100000 100000
100000 100000
100000 100000
100000 100000
100000 100000
100000 100000
100000 100000 100000
100000 100000
100000 100000
100000 100000
100000 100000
100000 100000
100000 100000
100000 100000
100000 100000
100000 100000
100000 100000
100000 100000 100000
100000 100000
100000 100000
100000 100000
100000 100000
100000 100000
100000 100000
100000 100000
100000 100000
100000 100000
100000 100000
100000 100000 100000
100000 100000
100000 100000
100000 100000
100000 100000
100000 100000
100000 100000
100000 100000
100000 100000
100000 100000
100000 100000
100000 100000 100000
100000 100000
100000 100000
100000 100000
100000 100000
100000 100000
100000 100000
100000 100000
100000 100000
100000 100000
100000 100000 100000
100000 100000
100000 100000
100000 100000
100000 100000
100000 100000
100000 100000
100000 100000
100000 100000
100000 100000
100000 100000
100000 100000 100000
100000 100000
100000 100000
100000 100000
100000 100000
100000 100000
100000 100000
100000 100000
100000 100000
100000 100000
100000 100000
100000 100000 100000
100000 100000
100000 100000
100000 100000
100000 100000
100000 100000
100000 100000
100000 100000
100000 100000
100000 100000
100000 100000
100000 100000
100000 100000 100000
100000 100000
100000 100000
100000 100000
100000 100000
100000 100000
100000 100000
100000 100000
100000 100000
100000 100000
100000 100000
100000 100000
100000 100000 100000
100000 100000
100000 100000
100000 100000
100000 100000
100000 100000
100000 100000
100000 100000
100000 100000
100000 100000
100000 100000 100000
100000 100000
100000 100000
100000 100000
100000 100000
100000 100000
100000 100000
100000 100000
100000 100000
100000 100000
100000 100000
100000 100000 100000
100000 100000
100000 100000
100000 100000
100000 100000
100000 100000
100000 100000
100000 100000
100000 100000
100000 100000
100000 100000
100000 100000 100000
100000 100000
100000 100000
100000 100000
100000 100000
100000 100000
100000 100000
100000 100000
100000 100000
100000 100000
100000 100000
100000 100000 100000
100000 100000
100000 100000
100000 100000
100000 100000
100000 100000
100000 100000
100000 100000
100000 100000
100000 100000
100000 100000
100000 100000 100000
100000 100000
100000 100000
100000 100000
100000 100000
100000 100000
100000 100000
100000 100000
100000 100000
100000 100000
100000 100000
100000 100000 100000
100000 100000
100000 100000
100000 100000
100000 100000
100000 100000
100000 100000
100000 100000
100000 100000
100000 100000
100000 100000
100000 100000 100000
100000 100000
100000 100000
100000 100000
100000 100000
100000 100000
100000 100000
100000 100000
100000 100000
100000 100000
100000 100000
100000 100000
100000 100000 100000
100000 100000
100000 100000
100000 100000
100000 100000
100000 100000
100000 100000
100000 100000
100000 100000
100000 100000
100000 100000
100000 100000 100000
100000 100000
100000 100000
100000 100000
100000 100000
100000 100000
100000 100000
100000 100000
100000 100000
100000 100000
100000 100000
100000 100000 100000
100000 100000
100000 100000
100000 100000
100000 100000
100000 100000
100000 100000
100000 100000
100000 100000
100000 100000
100000 100000 100000
100000 100000
100000 100000
100000 100000
100000 100000
100000 100000
100000 100000
100000 100000
100000 100000
100000 100000
100000 100000
100000 100000
100000 100000 100000
100000 100000
100000 100000
100000 100000
100000 100000
100000 100000
100000 100000
100000 100000
100000 100000
100000 100000
100000 100000
100000 100000 100000
100000 100000
100000 100000
100000 100000
100000 100000
100000 100000
100000 100000
100000 100000
100000 100000
100000 100000
100000 100000
100000 100000
100000 100000 100000
100000 100000
100000 100000
100000 100000
100000 100000
100000 100000
100000 100000
100000 100000
100000 100000
100000 100000
100000 100000
100000 100000 100000
100000 100000
100000 100000
100000 100000
100000 100000
100000 100000
100000 100000
100000 100000
100000 100000
100000 100000
100000 100000
100000 100000 100000
100000 100000
100000 100000
100000 100000
100000 100000
100000 100000
100000 100000
100000 100000
100000 100000
100000 100000
100000 100000
100000 100000 100000
100000 100000
100000 100000
100000 100000
100000 100000
100000 100000
100000 100000
100000 100000
100000 100000
100000 100000
100000 100000
100000 100000
100000 100000 100000
100000 100000
100000 100000
100000 100000
100000 100000
100000 100000
100000 100000
100000 100000
100000 100000
100000 100000 100000
100000 100000
100000 100000
100000 100000
100000 100000
100000 100000
100000 100000
100000 100000
100000 100000
100000 100000
100000 100000 100000
100000 100000
100000 100000
100000 100000
100000 100000
100000 100000
100000 100000
100000 100000
100000 100000
100000 100000 100000
100000 100000
100000 100000
100000 100000
100000 100000
100000 100000
100000 100000
100000 100000
100000 100000
100000 100000
100000 100000 100000
100000 100000
100000 100000
100000 100000
100000 100000
100000 100000
100000 100000
100000 100000
100000 100000
100000 100000
100000 100000 100000
100000 100000
100000 100000
100000 100000
100000 100000
100000 100000
100000 100000
100000 100000
100000 100000
100000 100000 100000
100000 100000
100000 100000
100000 100000
100000 100000
100000 100000
100000 100000
100000 100000
100000 100000
100000 100000
100000 100000 100000
100000 100000
100000 100000
100000 100000
100000 100000
100000 100000
100000 100000
100000 100000
100000 100000
100000 100000
100000 100000 100000
100000 100000
100000 100000
100000 100000
100000 100000
100000 100000
100000 100000
100000 100000
100000 100000
100000 100000
100000 100000 100000
100000 100000
100000 100000
100000 100000
100000 100000
100000 100000
100000 100000
100000 100000
100000 100000
100000 100000
100000 100000 100000
100000 100000
100000 100000
100000 100000
100000 100000
100000 100000
100000 100000
100000 100000
100000 100000
100000 100000
100000 100000
100000 100000 100000
100000 100000
100000 100000
100000 100000
100000 100000
100000 100000
100000 100000
100000 100000
100000 100000
100000 100000
100000 100000
100000 100000 100000
100000 100000
100000 100000
100000 100000
100000 100000
100000 100000
100000 100000
100000 100000
100000 100000
100000 100000 100000
100000 100000
100000 100000
100000 100000
100000 100000
100000 100000
100000 100000
100000 100000
100000 100000
100000 100000
100000 100000 100000
100000 100000
100000 100000
100000 100000
100000 100000
100000 100000
100000 100000
100000 100000
100000 100000
100000 100000 100000
100000 100000
100000 100000
100000 100000
100000 100000
100000 100000
100000 100000
100000 100000
100000 100000
100000 100000
100000 100000 100000
100000 100000
100000 100000
100000 100000
100000 100000
100000 100000
100000 100000
100000 100000
100000 100000
100000 100000
100000 100000
100000 100000 100000
100000 100000
100000 100000
100000 100000
100000 100000
100000 100000
100000 100000
100000 100000
100000 100000
100000 100000 100000
100000 100000
100000 100000
100000 100000
100000 100000
100000 100000
100000 100000
100000 100000
100000 100000
100000 100000
100000 100000 100000
100000 100000
100000 100000
100000 100000
100000 100000
100000 100000
100000 100000
100000 100000
100000 100000
100000 100000
100000 100000 100000
100000 100000
100000 100000
100000 100000
100000 100000
100000 100000
100000 100000
100000 100000
100000 100000
100000 100000 100000
100000 100000
100000 100000
100000 100000
100000 100000
100000 100000
100000 100000
100000 100000
100000 100000
100000 100000 100000
100000 100000
100000 100000
100000 100000
100000 100000
100000 100000
100000 100000
100000 100000
100000 100000
100000 100000
100000 100000 100000
100000 100000
100000 100000
100000 100000
100000 100000
100000 100000
100000 100000
100000 100000
100000 100000 100000
100000 100000
100000 100000
100000 100000
100000 100000
100000 100000
100000 100000
100000 100000
100000 100000
100000 100000
100000 100000 100000
100000 100000
100000 100000
100000 100000
100000 100000
100000 100000
100000 100000
100000 100000
100000 100000 100000
100000 100000
100000 100000
100000 100000
100000 100000
100000 100000
100000 100000
100000 100000
100000 100000
100000 100000
100000 100000 100000
100000 100000
100000 100000
100000 100000
100000 100000
100000 100000
100000 100000
100000 100000
100000 100000
100000 100000
100000 100000
100000 100000 100000
100000 100000
100000 100000
100000 100000
100000 100000
100000 100000
100000 100000
100000 100000
100000 100000
100000 100000
100000 100000
100000 100000
100000 100000 100000
100000 100000
100000 100000
100000 100000
100000 100000
100000 100000
100000 100000
100000 100000
100000 100000
100000 100000
100000 100000 100000
100000 100000
100000 100000
100000 100000
100000 100000
100000 100000
100000 100000
100000 100000
100000 100000
100000 100000 100000
100000 100000
100000 100000
100000 100000
100000 100000
100000 100000
100000 100000
100000 100000
100000 100000
100000 100000
100000 100000 100000
100000 100000
100000 100000
100000 100000
100000 100000
100000 100000
100000 100000
100000 100000
100000 100000
100000 100000 100000
100000 100000
100000 100000
100000 100000
100000 100000
100000 100000
100000 100000
100000 100000
100000 100000
100000 100000
100000 100000 100000
100000 100000
100000 100000
100000 100000
100000 100000
100000 100000
100000 100000
100000 100000
100000 100000
100000 100000 100000
100000 100000
100000 100000
100000 100000
100000 100000
100000 100000
100000 100000
100000 100000
100000 100000
100000 100000
100000 100000 100000
100000 100000
100000 100000
100000 100000
100000 100000
100000 100000
100000 100000
100000 100000
100000 100000
100000 100000
100000 100000 100000
100000 100000
100000 100000
100000 100000
100000 100000
100000 100000
100000 100000
100000 100000
100000 100000
100000 100000
100000 100000 100000
100000 100000
100000 100000
100000 100000
100000 100000
100000 100000
100000 100000
100000 100000
100000 100000
100000 100000 100000
100000 100000
100000 100000
100000 100000
100000 100000
100000 100000
100000 100000
100000 100000
100000 100000
100000 100000 100000
100000 100000
100000 100000
100000 100000
100000 100000
100000 100000
100000 100000
100000 100000
100000 100000
100000 100000
100000 100000 100000
100000 100000
100000 100000
100000 100000
100000 100000
100000 100000
100000 100000
100000 100000
100000 100000
100000 100000
100000 100000 100000
100000 100000
100000 100000
100000 100000
100000 100000
100000 100000
100000 100000
100000 100000
100000 100000
100000 100000
100000 100000
100000 100000 100000
100000 100000
100000 100000
100000 100000
100000 100000
100000 100000
100000 100000
100000 100000
100000 100000
100000 100000
100000 100000
100000 100000
100000 100000 100000
100000 100000
100000 100000
100000 100000
100000 100000
100000 100000
100000 100000
100000 100000
100000 100000
100000 100000
100000 100000
100000 100000
100000 100000 100000
100000 100000
100000 100000
100000 100000
100000 100000
100000 100000
100000 100000
100000 100000
100000 100000
100000 100000
100000 100000 100000
100000 100000
100000 100000
100000 100000
100000 100000
100000 100000
100000 100000
100000 100000
100000 100000
100000 100000
100000 100000
100000 100000 100000
100000 100000
100000 100000
100000 100000
100000 100000
100000 100000
100000 100000
100000 100000
100000 100000
100000 100000
100000 100000
100000 100000 100000
100000 100000
100000 100000
100000 100000
100000 100000
100000 100000
100000 100000
100000 100000
100000 100000
100000 100000
100000 100000 100000
100000 100000
100000 100000
100000 100000
100000 100000
100000 100000
100000 100000
100000 100000
100000 100000
100000 100000
100000 100000
100000 100000 100000
100000 100000
100000 100000
100000 100000
100000 100000
100000 100000
100000 100000
100000 100000
100000 100000
100000 100000
100000 100000
100000 100000 100000
100000 100000
100000 100000
100000 100000
100000 100000
100000 100000
100000 100000
100000 100000
100000 100000
100000 100000
100000 100000 100000
100000 100000
100000 100000
100000 100000
100000 100000
100000 100000
100000 100000
100000 100000
100000 100000
100000 100000
100000 100000
100000 100000
100000 100000 100000
100000 100000
100000 100000
100000 100000
100000 100000
100000 100000
100000 100000
100000 100000
100000 100000
100000 100000
100000 100000
100000 100000 100000
100000 100000
100000 100000
100000 100000
100000 100000
100000 100000
100000 100000
100000 100000
100000 100000
100000 100000
100000 100000
100000 100000 100000
100000 100000
100000 100000
100000 100000
100000 100000
100000 100000
100000 100000
100000 100000
100000 100000
100000 100000
100000 100000 100000
100000 100000
100000 100000
100000 100000
100000 100000
100000 100000
100000 100000
100000 100000
100000 100000
100000 100000 100000
100000 100000
100000 100000
100000 100000
100000 100000
100000 100000
100000 100000
100000 100000
100000 100000
100000 100000 100000
100000 100000
100000 100000
100000 100000
100000 100000
100000 100000
100000 100000
100000 100000
100000 100000
100000 100000 100000
100000 100000
100000 100000
100000 100000
100000 100000
100000 100000
100000 100000
100000 100000
100000 100000
100000 100000
100000 100000 100000
100000 100000
100000 100000
100000 100000
100000 100000
100000 100000
100000 100000
100000 100000
100000 100000
100000 100000
100000 100000 100000
100000 100000
100000 100000
100000 100000
100000 100000
100000 100000
100000 100000
100000 100000
100000 100000
100000 100000
100000 100000 100000
100000 100000
100000 100000
100000 100000
100000 100000
100000 100000
100000 100000
100000 100000
100000 100000
100000 100000
100000 100000 100000
100000 100000
100000 100000
100000 100000
100000 100000
100000 100000
100000 100000
100000 100000
100000 100000
100000 100000 100000
100000 100000
100000 100000
100000 100000
100000 100000
100000 100000
100000 100000
100000 100000
100000 100000
100000 100000 100000
100000 100000
100000 100000
100000 100000
100000 100000
100000 100000
100000 100000
100000 100000
100000 100000
100000 100000 100000
100000 100000
100000 100000
100000 100000
100000 100000
100000 100000
100000 100000
100000 100000
100000 100000
100000 100000 100000
100000 100000
100000 100000
100000 100000
100000 100000
100000 100000
100000 100000
100000 100000
100000 100000
100000 100000
100000 100000 100000
100000 100000
100000 100000
100000 100000
100000 100000
100000 100000
100000 100000
100000 100000
100000 100000
100000 100000
100000 100000 100000
100000 100000
100000 100000
100000 100000
100000 100000
100000 100000
100000 100000
100000 100000
100000 100000
100000 100000 100000
100000 100000
100000 100000
100000 100000
100000 100000
100000 100000
100000 100000
100000 100000
100000 100000
100000 100000
100000 100000
100000 100000
100000 100000 100000
100000 100000
100000 100000
100000 100000
100000 100000
100000 100000
100000 100000
100000 100000
100000 100000
100000 100000
100000 100000
100000 100000
100000 100000
100000 100000 100000
100000 100000
100000 100000
100000 100000
100000 100000
100000 100000
100000 100000
100000 100000
100000 100000
100000 100000
100000 100000
100000 100000
100000 100000
100000 100000 100000
100000 100000
100000 100000
100000 100000
100000 100000
100000 100000
100000 100000
100000 100000
100000 100000
100000 100000
100000 100000
100000 100000
100000 100000
100000 100000
100000 100000 100000
100000 100000
100000 100000
100000 100000
100000 100000
100000 100000
100000 100000
100000 100000
100000 100000
100000 100000
100000 100000
100000 100000
100000 100000
100000 100000
100000 100000
100000 100000 100000
100000 100000
100000 100000
100000 100000
100000 100000
100000 100000
100000 100000
100000 100000
100000 100000
100000 100000
100000 100000
100000 100000
100000 100000
100000 100000
100000 100000
100000 100000 100000
100000 100000
100000 100000
100000 100000
100000 100000
100000 100000
100000 100000
100000 100000
100000 100000
100000 100000
100000 100000
100000 100000
100000 100000
100000 100000
100000 100000 100000
100000 100000
100000 100000
100000 100000
100000 100000
100000 100000
100000 100000
100000 100000
100000 100000
100000 100000 100000
100000 100000
100000 100000
100000 100000
100000 100000
100000 100000
100000 100000
100000 100000
100000 100000
100000 100000 100000
100000 100000
100000 100000
100000 100000
100000 100000
100000 100000
100000 100000
100000 100000
100000 100000
100000 100000
100000 100000
100000 100000 100000
100000 100000
100000 100000
100000 100000
100000 100000
100000 100000
100000 100000
100000 100000
100000 100000
100000 100000
100000 100000
100000 100000 100000
100000 100000
100000 100000
100000 100000
100000 100000
100000 100000
100000 100000
100000 100000
100000 100000
100000 100000
100000 100000 100000
100000 100000
100000 100000
100000 100000
100000 100000
100000 100000
100000 100000
100000 100000
100000 100000
100000 100000 100000
100000 100000
100000 100000
100000 100000
100000 100000
100000 100000
100000 100000
100000 100000
100000 100000
100000 100000 100000
100000 100000
100000 100000
100000 100000
100000 100000
100000 100000
100000 100000
100000 100000
100000 100000
100000 100000 100000
100000 100000
100000 100000
100000 100000
100000 100000
100000 100000
100000 100000
100000 100000
100000 100000
100000 100000
100000 100000 100000
100000 100000
100000 100000
100000 100000
100000 100000
100000 100000
100000 100000
100000 100000
100000 100000
100000 100000
100000 100000
100000 100000 100000
100000 100000
100000 100000
100000 100000
100000 100000
100000 100000
100000 100000
100000 100000
100000 100000
100000 100000
100000 100000
100000 100000 100000
100000 100000
100000 100000
100000 100000
100000 100000
100000 100000
100000 100000
100000 100000
100000 100000
100000 100000
100000 100000 100000
100000 100000
100000 100000
100000 100000
100000 100000
100000 100000
100000 100000
100000 100000
100000 100000
100000 100000
100000 100000
100000 100000 100000
100000 100000
100000 100000
100000 100000
100000 100000
100000 100000
100000 100000
100000 100000
100000 100000
100000 100000
100000 100000
100000 100000 100000
100000 100000
100000 100000
100000 100000
100000 100000
100000 100000
100000 100000
100000 100000
100000 100000
100000 100000
100000 100000
100000 100000 100000
100000 100000
100000 100000
100000 100000
100000 100000
100000 100000
100000 100000
100000 100000
100000 100000
100000 100000
100000 100000 100000
100000 100000
100000 100000
100000 100000
100000 100000
100000 100000
100000 100000
100000 100000
100000 100000
100000 100000 100000
100000 100000
100000 100000
100000 100000
100000 100000
100000 100000
100000 100000
100000 100000
100000 100000
100000 100000
100000 100000
100000 100000
100000 100000 100000
100000 100000
100000 100000
100000 100000
100000 100000
100000 100000
100000 100000
100000 100000
100000 100000
100000 100000
100000 100000
100000 100000 100000
100000 100000
100000 100000
100000 100000
100000 100000
100000 100000
100000 100000
100000 100000
100000 100000
100000 100000
100000 100000
100000 100000 100000
100000 100000
100000 100000
100000 100000
100000 100000
100000 100000
100000 100000
100000 100000
100000 100000
100000 100000
100000 100000 100000
100000 100000
100000 100000
100000 100000
100000 100000
100000 100000
100000 100000
100000 100000
100000 100000
100000 100000
100000 100000 100000
100000 100000
100000 100000
100000 100000
100000 100000
100000 100000
100000 100000
100000 100000
100000 100000
100000 100000 100000
100000 100000
100000 100000
100000 100000
100000 100000
100000 100000
100000 100000
100000 100000
100000 100000
100000 100000
100000 100000
100000 100000
100000 100000
100000 100000 100000
100000 100000
100000 100000
100000 100000
100000 100000
100000 100000
100000 100000
100000 100000
100000 100000
100000 100000
100000 100000
100000 100000
100000 100000
100000 100000
100000 100000 100000
100000 100000
100000 100000
100000 100000
100000 100000
100000 100000
100000 100000
100000 100000
100000 100000
100000 100000
100000 100000
100000 100000
100000 100000
100000 100000
100000 100000 100000
100000 100000
100000 100000
100000 100000
100000 100000
100000 100000
100000 100000
100000 100000
100000 100000
100000 100000
100000 100000
100000 100000
100000 100000
100000 100000
100000 100000 100000
100000 100000
100000 100000
100000 100000
100000 100000
100000 100000
100000 100000
100000 100000
100000 100000
100000 100000
100000 100000
100000 100000
100000 100000
100000 100000
100000 100000 100000
100000 100000
100000 100000
100000 100000
100000 100000
100000 100000
100000 100000
100000 100000
100000 100000
100000 100000
100000 100000
100000 100000
100000 100000
100000 100000
100000 100000
100000 100000
100000 100000 100000
100000 100000
100000 100000
100000 100000
100000 100000
100000 100000
100000 100000
100000 100000
100000 100000
100000 100000
100000 100000 100000
100000 100000
100000 100000
100000 100000
100000 100000
100000 100000
100000 100000
100000 100000
100000 100000
100000 100000
100000 100000 100000
100000 100000
100000 100000
100000 100000
100000 100000
100000 100000
100000 100000
100000 100000
100000 100000
100000 100000
100000 100000 100000
100000 100000
100000 100000
100000 100000
100000 100000
100000 100000
100000 100000
100000 100000
100000 100000
100000 100000
100000 100000
100000 100000
100000 100000 100000
100000 100000
100000 100000
100000 100000
100000 100000
100000 100000
100000 100000
100000 100000
100000 100000
100000 100000 100000
100000 100000
100000 100000
100000 100000
100000 100000
100000 100000
100000 100000
100000 100000
100000 100000
100000 100000
100000 100000
100000 100000
100000 100000
100000 100000 100000
100000 100000
100000 100000
100000 100000
100000 100000
100000 100000
100000 100000
100000 100000
100000 100000
100000 100000
100000 100000
100000 100000
100000 100000 100000
100000 100000
100000 100000
100000 100000
100000 100000
100000 100000
100000 100000
100000 100000
100000 100000
100000 100000
100000 100000 100000
