1048 3051 2888 102
1560 1203 1496 3130 4261
4303 343 766 1925 1936
1905 2922 2588 3370 3271 3753
3078 4373 4101 4678 4866
709 134 85 251 1350 1914
1680 2762 2821 2837 1952 2741
2605 2731 2735 2879 2752 2653
2652 2832 2808 2768 2690 2674
2565 2710 1314 1973 2791 2736
1976 2204 2859 2781 2618 2783
2683 2835 2832 2755 2802 2784
2565 2836 2812 2756 2805 2792
2628 2699 2834 2876 2679 2688
2518 2758 2744 5833 1060 2779
2708 2699 2748 2379 2503 2566
2294 2554 2511 2225 2471 2276
2072 2497 2297 2499 2470 2346
2252 2454 2382 2418 2360 2492
2395 2550 2365 2319 1692 341
2427 2265 7510 2357 2410 2486
2259 2501 2494 2525 2336 2396
2536 2170 2446 2520 2442 2645
2518 2421 2556 2470 2555 2532
2366 2474 2406 2488 2393 1702
405 2273 2446 2402 2334 2503
2303 2424 2432 2346 2531 2438
2254 2456 2497 2373 2527 2439
2241 2434 2271 2341 2468 2400
2384 2315 2478 2546 2342 2440
1951 763 2418 2480 2370 2492
2442 2372 2426 2187 2061 1721
2011 1945 2094 1883 2191 2192
2002 2182 2095 2179 2247 1949
2043 2328 2025 1776 2207 2037
1792 1465 1782 4255 2131
1525 2076 2097 2190 2201 2265
2072 2083 2331 2733 2741 2815
2585 2721 2624 2778 2681 2728
2529 2629 1818 1806 1994 2312
2019 2092 1954 2113 3674 3789
1655 1774 1831 1634 1768 1751
1856 1726 1653 1731 1796 1798
1585 1753 1983 1895 1846 2038
1660 1619 1700 1710 1053 1791
1663 2233 2218 838 2568 163
2918 1812 1705 1511 1942 1580
1255 1311 1291 1835 1641 1631
1715 1777 1877 1778 1578 1290
1791 1825 1967 1907 2541 2619
2375 2803 2710 2855 2619 2519
1468 319 2586 2472 2664 2535
2616 2537 2450 2614 2574 2620
2631 2503 1563 1932 1659 1815
1536 1704 1788 1738 1701 1732
1831 1724 1997 1541 1575 1752
1577 1518 4220 1806 1802 1824
1842 1736 1809 1764 1836 1773
1853 1683 1774 1764 1713 1689
1800 1801 1893 1645 1812 1611
1575 1936 1772 2522 2636 2638
2522 2562 2053 509 2608 2651
2583 2514 2597 2620 2717 2731
2641 2707 2569 2717 2553 2625
2782 2726 1977 2508 2721 2651
2646 2758 2747 2778 2930 2783
2635 2502 2945 2161 3302 2638
2757 2817 2653 2788 2789 2852
2422 2803 2522 2704 2441 2795
2544 2566 2734 2660 7802
1736 2660 2923 2733 1763 2468
934 2579 2720 2626 2434 1901
1496 2678 8062 2705 2592 2618
2459 2753 2648 2817 2537 2807
2142 2742 2740 2751 2995 2420
2646 2859 2538 2826 2736 2540
2549 2413 2769 2095 2766 2569
2289 3292 2685 2766 2664 2726
2873 1801 2156 2673 2660 2788
2585 2478 2662 2699 2686 2702
2619 2723 2750 2575 2725 2824
2487 2745 2779 2680 2818 2561
2545 2147 2757 151 2293 2201
2306 2453 2288 2335 2391 2400
1826 2290 2424 2208 2573 2596
2506 2663 2652 2556 2692 2517
2065 2307 2241 2478 2156 2494
2296 2358 2441 1251 399 2339
2152 2412 2234 2443 2173 2360
2187 2281 2364 2289 2453 2154
333 1994 2111 2187 1792 1571
1812 2379 2486 2278 2377 2363
2336 2263 2361 2295 2374 3987
2316 2305 2316 2347 2249 2366
2295 2196 2316 2289 2192 2298
2336 2362 2449 2615 2706 2647
2568 2580 2656 2714 2593 1851
2543 2707 2641 2690 2608 2125
423 2711 2642 2778 2657 2692
2353 2588 2611 2711 2624 2822
2726 2711 2723 2689 2612 2586
2609 2648 2757 3026 2701 2810
3061 2607 2602 2708 2645 2715
2305 2501 2633 2566 2639
2511 2669 2587 2571 2550 2586
2584 2605 2636 2655 2596 2701
2536 2679 2613 2705 2706 2703
4636 2644 2817 2493 2818 2622
2064 2628 2197 2166 2693 2524
2562 2730 2604 2708 2716 2627
2635 2608 2700 2680 2680 2799
2627 2323 2428 2268 2261 2138
2747 2737 2633 2571 2651 2615
2655 2619 2533 2167 2921 88
2388 2697 2775 2767 2792 2482
2676 2758 2725 2713 2751 2575
1870 2571 2768 2598 2768 2614
2572 2813 2773 2706 2775 2677
591 2701 2754 2764 2773 1647
425 2616 2576 2673 2615 2476
2671 2690 2574 2670 2601 2754
2503 2632 2544 2755 2638 2751
2392 2625 2625 2673 2630 2592
2034 2739 2879 2761 2654 2608
2281 599 2559 2659 2708 2778
2289 2831 2610 2703 2373 2672
2565 2570 2828 2687 2736 2808
2778 2838 2590 2805 2712 2755
2514 2535 2646 2764 2568 2838
2557 2280 2463 2631 2612 2729
7617 2626 2539 2637 2664 2674
2571 2540 2646 7785 2613 2726
2530 2643 2679 2661 2749 2677
1983 2844 2403 2528 2696 2706
2073 2725 2337 3288 2700
2627 2645 2672 2723 2723 2710
2575 2648 2745 2838 2650 2757
2715 2851 2697 2686 2696 2789
2518 2711 2724 2586 2790 2617
2705 2659 2688 2715 2504 475
2566 2607 2671 2676 2610 2755
2643 2674 2632 2536 2643 2756
2539 2852 2622 2554 2162 2661
2638 2824 2673 2672 2762 2668
2685 2567 2695 2679 2628 2367
2163 2715 2518 2682 2519 2694
2223 2597 2622 2618 2430 2787
2527 2727 2487 2608 2783 2518
2854 2709 2554 2702 2707 2570
2606 2663 2636 2779 2580 2690
2130 3336 4149 2377 2201 2461
2301 2415 2240 2472 2312 2355
1903 2142 2424 2305 2434 2287
2114 2366 2434 2247 2404 2398
2135 2408 2294 2379 2357 2299
2348 2337 826 3013 1975 2191
1984 2344 2192 2392 2381 2349
2202 2428 2390 2337 2369 2302
2264 2336 2214 2263 2361 2426
2178 2234 2233 2187 2363 2333
2307 2202 2336 1558 57 2433
2109 2286 2403 2431 2170 2504
2292 2255 2554 2217 2411 2378
2364 2432 2476 2262 2369 2435
2166 2385 2116 2871 2706 2651
2799 2657 2830 2815 2234 2030
2407 2555 2690 2806 1741 2129
1791 2025 2076 2030 2186 2088
1960 2284 2119 2166 2653 2666
1818 2791 2600 2824 1639 2052
1746 1776 1864 2036 2007 1515
1432 1833 2010 2026 1878 1798
1887 1799 2029 1713 1854 1980
1889 2044 1952 1890 1997 1737
1875 2051 2083 2021 1899 2646
2567 2550 2805 2596 2542 2646
2143 6971 61 2655 2523
2613 2650 2520 2711 2757 2477
2625 2534 2719 2640 2638 2631
2478 1080 2617 2445 2711 2792
2662 2697 2617 2502 2647 2618
2540 2603 2654 1220 2052 2641
2706 2476 2676 2648 2700 2755
2569 2660 2739 2609 2666 2723
2606 2497 2762 2576 2599 2778
2422 2786 2527 2592 2719 2643
2588 2671 2639 2694 1857 453
2599 2746 2604 2511 2535 2730
2639 2696 2727 2767 2649 2786
2654 2684 2805 2623 2561 2476
2347 2157 2259 2697 2645 2500
2577 2645 2575 2585 2573 2151
698 2602 7799 2700 2571 2569
2481 2681 2592 2634 2636 2736
2583 2643 2619 2597 3004 2543
7677 2789 2841 2660 2781 2772
2544 1982 2696 2748 2639 2580
1799 600 2626 2607 2739 2684
2637 2645 2775 2709 2683 2586
2599 2879 2829 2784 2684 2800
2553 2772 2836 2494 1870 1759
1936 2138 2012 1863 1890 1319
1730 1551 4321 1958 1854 2681
2480 2744 2510 2704 2569 2630
2423 2555 2683 2646 2663 2691
2577 2641 2673 2693 2683 2653
2511 2494 2796 2733 2749 2747
2528 2599 2265 5765 2522
2461 2693 2674 2570 2524 2653
2534 2714 2678 2557 2684 2536
2425 2751 2512 2556 2746 2523
2597 2644 2595 2777 2799 2555
2487 2654 7788 2697 1959 456
2686 2673 1905 1985 2104 1836
1762 1981 1860 1944 2009 2025
1933 1981 2035 1304 1833 2001
1832 2175 2091 1865 1984 1725
1808 2054 1851 2064 1834 1335
4313 1967 1932 2056 2039 1846
1629 1925 1901 1741 2004 1908
1846 1983 1970 1945 2015 1850
1678 2054 1960 1973 2252 2542
2423 2690 2569 1672 2025 1788
1358 140 2523 2613 2738 2401
7634 2546 2529 2649 2542 2625
2645 2640 2540 2616 2249 2460
2622 2599 2577 2433 2664 2584
2501 2485 2586 2677 2511 1994
2601 2183 2220 2722 2444 2614
2673 2557 2652 2691 2561 2621
2611 2545 2665 2560 2468 2535
2592 2481 2068 2450 2604 2645
2656 2764 2552 2782 2673 2689
2669 2631 2097 3376 4260
2522 2588 2804 2485 2824 2671
2298 2780 2632 2656 2580 6674
2100 2091 2007 1997 2190 1982
1968 2177 1932 1988 2018 2012
1946 2028 2091 2290 2293 3250
2266 1991 2252 2180 2266 2332
1971 2310 2349 2326 2287 2383
2155 2396 2393 2283 2325 2219
2272 2275 2250 2299 2252 2411
2329 2014 2275 2526 2105 2038
2851 3486 2135 2135 2230 2392
2730 2713 2754 2011 2794 2675
2569 2692 2747 2443 2584 2674
2754 2602 2843 3031 2812 2479
2633 2589 2757 2602 2581 2531
2700 678 2327 2809 2499 2747
2622 2543 2718 2698 2662 2664
2581 2652 2827 2723 2817 2760
2743 2680 2702 2644 2701 2808
2662 2654 2661 2773 2734 2643
2584 2487 1934 681 2561 2725
2491 2656 2790 2556 2406 2355
2328 2317 2355 2237 2446 2529
2167 2485 2617 2351 2388 2464
2209 2419 2403 2401 2248 2110
2294 2247 2374 1729 267 2191
2181 2248 2354 2204 2204 1667
2223 2317 2433 2158 2413 2255
2325 2332 2260 2329 2439 2113
2372 2319 2393 2228 2241 2305
1898 2153 2443 2224 1722 1912
2273 2430 2677 2470 2969 2801
2744 2808 2533 1267 2729 2704
2496 2708 2678 2715 2824 2808
850 2530 2826 2748 2713 2670
2533 2685 2556 2633 2736 2266
2809 3854 2595 2719 2507
2528 2451 1498 1996 1968 1916
1659 1865 1594 1827 2010 2121
1530 2013 2135 1983 2147 1758
1448 1963 1614 1727 1780 2031
1994 1860 363 2318 2126 2128
1995 2102 2058 2137 1962 2061
1899 2142 1969 1843 1912 2061
1933 2167 2082 1688 1843 2708
2473 2819 2540 2742 2552 2717
2621 2814 2565 1940 550 2801
2606 2413 2665 2799 2721 2730
2627 2337 2463 2880 2569 2516
2698 2474 1770 1994 2069 1988
1274 1923 1908 1882 2126 1964
2039 1986 2244 2121 1543 769
2056 2009 2056 2225 1904 1984
1908 2026 1824 2128 1909 2050
1973 1991 2029 1636 1861 2052
1919 1419 2009 1371 2134 1941
1843 1920 2127 2048 1981 1801
2311 1500 1989 2054 1859 1795
1932 1943 1810 2022 1560 1789
1621 1765 1691 1807 1320 1278
1064 1839 1818 1510 1694 1978
1506 1694 1813 1640 1704 1715
1543 4241 1896 1923 2003 1754
2011 1722 2079 2027 2037 1873
1863 1900 2108 2006 1851 2069
1734 2573 2364 2478 2283 2304
2062 2426 2352 2252 2154 1899
1656 3870 3229 1719 2003 1665
1715 1767 1747 1982 1633 2002
1116 1828 1959 1913 1703 1611
1864 1089 1550 1759 1950 1601
1818 1873 2044 1576 1943 1789
1295 1978 3753 3179 2041 2090
1314 2044 2006 1901 1986 1946
1793 1981 1650 1928 2048 1073
2519 2781 2726 2826 2776 2693
2473 2587 2488 2468 2651 2554
2594 2650 2545 575 1765
2634 2580 2622 2632 52 1899
1842 2007 1711 1885 1788 1385
1866 1761 1772 2306 2240 2374
2258 7067 2390 2244 2208 2344
2127 2175 2307 2465 2356 665
1102 2246 2097 2179 2234 2270
2064 2389 2221 2262 2444 2093
2058 1614 1955 2255 1968 7023
1417 1722 1749 1815 2083 1833
2210 1776 2197 1815 1957 1830
368 974 2567 2606 2701 2672
2533 2753 2724 2608 2616 2525
2466 2370 2433 2593 2685 2580
2646 2614 2565 2640 2451 2498
2358 2570 2702 2468 2691 2689
2589 2113 850 2723 2536 2678
2512 2787 2541 2562 2613 2635
2564 2740 2765 2983 2487 2452
2615 2751 2658 2515 2601 2704
2617 2658 2299 2781 2812 2739
2506 2875 2277 2275 2609 2764
2515 2743 2562 2689 2605 2645
2715 2637 2636 2805 2761 2045
2032 1963 2107 2083 2056 2044
2072 1952 2074 1951 2080 2009
1784 2007 2105 1567 1972 4130
1990 1919 2275 1536 1753 1919
1438 1983 1720 1506 2028 1581
1636 2006 1591 2119 1916 1920
1811 1873 1624 1672 2044 1990
1985 2137 1964 1844 1826 3735
3062 1659 1856 1828 1877
1998 1983 2086 2025 1760 2189
1927 1939 1896 1948 1995 2126
1984 2131 1997 1858 2141 2033
2014 2233 2101 2045 1865 2016
1765 612 2145 2626 2748 2674
2632 2366 2802 2662 2649 2721
2477 2451 2828 2627 2495 2744
2488 2692 2527 2595 2733 2778
2411 2781 2675 2671 2661 1951
1945 1676 879 430 2453 2635
2478 2567 2721 2477 2706 2557
2407 2745 2727 2426 2664 2353
2372 2632 2632 2563 2577 2589
2542 2020 2659 2215 2647 2701
2636 2625 2551 2410 2032 2462
2653 2686 2684 2661 2661 2562
2427 2798 2682 2589 2905 2691
2493 1936 2653 2654 2811 2699
2348 2716 2593 2647 2655 2494
2481 2641 2651 2478 2219 3157
5054 2564 2501 2665 2420 2586
2636 2703 2573 2676 2656 2813
2510 2763 2690 2633 2651 2610
2586 2661 2554 2647 2627 2801
2399 2651 2651 2648 2551 2560
1989 2428 2713 2739 2735 2927
2554 2714 2730 2692 2722 2797
2639 2869 2368 2749 2727 2767
2537 2713 2664 2687 2742 2580
7673 2849 2761 2582 2670 2586
2160 1028 1980 2610 2596 2660
2545 2506 2784 2649 2625 2667
2577 2525 2589 2555 2686 2673
2477 2802 2593 2639 2703 2552
2569 2360 2621 2439 2770 2546
2539 2622 1936 633 2541 2553
2618 2540 2594 2656 2627 2699
6651 1927 1990 7004 2069
1733 1977 2115 2218 2242 2429
1756 1694 2520 2583 2524 2697
2634 2705 2721 2714 742 2001
2522 2644 2636 2834 2662 2715
2365 2749 2498 2426 2741 2438
2495 2508 2713 2541 2546 2562
2527 2563 2660 2697 2449 2548
2385 2521 2567 2642 2555 1774
441 2477 2811 2696 2560 2614
2618 2466 2661 2611 2677 2559
2356 2102 1289 1201 1190 128
229 1824 2016 1959 1883 1736
1667 1796 2140 1840 2173 1851
1175 4266 2224 1919 1781 2028
1742 2505 2264 1916 2397 2550
2380 2527 2647 2645 2626 2578
2461 2690 2603 2707 2716 2613
2577 2568 2744 2590 2540 2639
1887 2211 1852 2587 1669 1887
1873 2175 1868 2156 1002 1998
1821 1902 1321 1943 1965 2123
1951 2029 2123 2137 1953 1981
1988 2104 2041 2061 1832 2067
1881 1959 1723 1811 4080 2001
1874 2005 1982 2012 1984 1972
1823 2074 1848 6993 2204 1986
1896 1602 1811 1667 2021 1506
1284 1623 1970 1943 1786 2040
1861 2041 1798 2367 3015
2178 2283 2159 2359 2391 2213
2520 1883 2360 2249 2235 2284
2146 2279 2368 2221 2710 2024
2099 2342 2431 2109 2331 1785
1879 1875 1758 1885 2180 1621
2188 3675 1550 1911 1991 1685
1767 1767 2032 2138 2106 2109
2116 2167 2119 2091 1998 2025
1710 2034 2093 2078 2153 1997
1908 1860 847 1633 1313 1131
1578 187 926 1843 1642 1951
1595 1836 1855 1905 1910 1977
1878 1681 1848 1793 1941 1985
1669 1749 1950 1012 1750 1811
1593 1831 1819 1857 1710 1853
1709 1974 1419 4361 1929 1595
1815 2029 1802 1740 1979 1891
1439 1732 1879 1772 2023 1604
105 351 1128 1627 2022 1981
1772 1926 1676 2051 2046 1876
2462 2601 2535 2015 487 2546
2502 2694 2546 2596 2576 2689
2577 2672 2601 2614 2579 2600
2321 2545 2680 2570 2532 2550
2401 2714 2657 2541 2718 2636
2582 2669 2310 2606 2401 2256
2552 2714 2657 2620 2595 2718
2534 2752 2604 2705 2817 2693
2658 2638 2644 2735 2620 2709
2772 2608 2784 2573 2829 2715
2368 2720 2689 2527 2785 2188
3394 4468 2299 2372 2487 2375
2349 2341 2189 2492 2275 2195
2277 2415 2405 2310 2242 2734
1861 2618 2099 2292 2342 2322
2221 1269 2471 2419 2358 2130
2250 872 1566 2253 2283
2131 2341 2263 2220 2383 2257
2114 2692 2002 2379 2363 2394
2175 2251 2317 2317 2318 2439 2294
2078 2329 2337 2380 2422 2211
2108 2309 1729 523 2367
2197 2199 2347 2061 2307 2231
2270 2307 2409 2460 2161 2258
2089 2385 2256 2353 2163 2279
1861 1950 1966 1849 1840 1811
2134 2018 1822 2055 1558 877
1926 1910 2090 1907 2079 1974
2077 2106 2025 1890 1796 1890
1764 1806 1986 1380 703 1311
1444 1968 1830 1942 2372 2450
2062 2493 2224 2310 2516 1924
2334 1808 2046 2162 1637 2078
1865 1928 1923 1514 2052 1441
2039 1896 2090 1990 1950 1936
1872 1960 2016 1905 1942 1536
1922 2054 2285 1693 2190 1866
1688 2757 4089 2124 1989 1965
1955 2034 1935 1946 2030 2000
1751 1879 1951 2084 1974 1997
1936 1954 2009 1967 2026 2021
1886 1986 1962 2209 1250 1588
1369 1548 509 2258 1963 2093
1938 2035 2092 1797 1452 2013
2043 2063 2080 1826 2072 2116
1910 1982 1936 1861 1476 1700
1674 1835 1964 1957 1918 1802
1741 2071 1786 873 4217 1662
1919 2125 2172 1877 1855 2119
1778 1877 1689 1699 1719 2092
1834 1863 2159 1783 1577 1155
1587 1799 1479 2017 1655 1227
1831 2003 2069 2097 1368
4431 2036 2010 2063 1840 2004
1964 2095 2086 2013 2017 2046
1921 2125 2028 2091 1969 2087
1734 2174 2002 2139 2112 1928
1845 1927 2015 1988 1947 2014
1360 4540 1877 2104 1979 2033
1942 2034 1628 1701 1862 837
1949 1944 1810 2043 2012 1953
1973 1970 1931 1906 1804 1899
1674 1957 2015 1625 1891 1834
2069 1596 4178 1996 2036 1976
1530 1527 1525 1891 1993 2054
1875 1896 1992 1921 1902 1964
2060 1859 2254 1124 1917 1631
1680 1867 1858 1547 1574 1636
1079 1593 1439 4391 1503 2065
1362 1303 2040 1522 1444 1733
1688 1794 1888 1964 2098 1832
1706 1692 1547 1586 1711 1725
1865 1802 1965 2198 1871 1867
1789 1837 1706 1390 4494 1690
1635 1699 1463 1793 1836 1947
1960 1914 1822 1508 1188 1619
1809 1970 1962 1978 1815 2074
1896 2026 2125 2069 2043 2056
1900 1981 1898 1538 1207 4350
979 1623 1699 1631 1752
1434 1699 2137 1798 1681 1357
1254 1716 1793 1114 1341 1731
1460 2054 1254 1920 1962 1890
1868 2011 1630 1969 1841 2072
1533 1114 1949 1897 1855 2059
1840 1947 1912 1942 1408 1941
1856 2064 2084 1985 2066 1445
1492 1965 2005 2020 2074 6859
1831 2076 2073 2028 2078 2050
1940 1741 1543 1824 1237 1623
1896 1983 1623 711 1804 1509
2053 2151 2025 1930 2104 1892
1966 2010 2075 1969 2020 2045
1625 1984 1955 1915 2024 1904
1920 1869 1767 2343 4056 1753
1320 1672 2001 2074 1456 2091
1841 1912 2034 2454 1606 1686
1882 2079 1939 2029 2011 2027
1957 2096 2063 2062 2116 2109
1968 2147 2031 2129 713 2350
1870 1981 1926 1998 2176 2012
1832 1966 1897 1905 1925 2037
1778 2109 1792 1529 2057 2164
1995 1947 1922 2024 2041 2300
1658 1961 2024 1964 1954 1303
3387 1954 1972 1967 1880 2009
1502 1492 2141 2277 2343 2290
1951 2227 2480 2186 2469 2293
2140 2283 2319 2288 2307 2344
2194 2208 2548 2012 2223 2277
1801 110 2162 2305 2021 1913
1761 2104 1884 1836 2126 1768
1600 1742 1931 1591 1902 1956
2075 2009 2095 1764 1997 1689
2213 2189 2323 2355 2147 2228
2321 1696 1814 2373 2130 2496
1830 2151 2317 2115 2372 2423
2039 1880 1964 1901 2087 1857
2013 1528 1985 1973 1835 1927
2013 2034 1855 2131 1978 2046
2025 2098 1697 2172 4012
2057 1976 1970 1859 2047 2038
1914 2061 2017 1983 1970 2017
1924 1967 1929 1976 1960 2054
2225 2038 2352 7354 2415 2357
2166 2289 2366 2370 2327 3183
67 2287 2436 2230 2349 2353
2173 2302 2318 2230 2282 2247
2143 2378 2216 2247 2261 2478
1857 2306 2222 2313 2196 2367
2133 2314 2235 2416 2181 2239
1081 1575 2222 2302 2384 2271
2272 2551 2427 2003 2072 2032
1983 1944 1986 1976 1912 1684
1846 2347 2460 2687 2569 2660
2153 2674 2480 2435 2693 1650
2343 1825 427 2451 2621 2499
2547 2549 2676 2644 2646 2679
2440 2566 2597 2687 2512 2633
2424 2557 2548 2031 2505 2698
2428 2498 2664 2570 2525 2589
2460 2683 6345 2028 2566 2549
2586 2773 2582 2790 2467 2572
7762 2666 2522 2465 2563 2330
2251 2265 2402 2558 2019 2334
1108 2312 2292 2276 2177 2256
1548 2477 2407 1696 4218
1741 1143 2018 2241 1819 2017
1710 1573 1685 1699 1471 4381
1523 1609 1814 2093 1666 1876
1529 1868 1984 1635 2019 1978
1469 1767 1776 1919 1841 1311
4259 1889 1199 1783 1882 1741
1582 2169 2639 2756 2741 2705
2551 2628 2747 2667 2657 2607
2458 2573 2480 2362 2723 2547
2489 2735 2559 2721 2719 2598
2046 502 2573 2825 2703 2768
2359 2531 2754 2578 2638 2520
2472 2680 2648 2757 2655 2688
2404 2175 1731 2044 2018 1964
1852 1715 1910 1980 2045 991
1832 1462 851 2003 1900 2019
1987 1896 2132 1974 2102 2056
1804 1858 2025 2069 1923 1949
1837 2457 2694 2771 2613 2683
2538 2651 2702 2786 2699 2662
2608 2749 1868 2417 3888 2551
2438 2610 2591 2676 2546 2595
2600 2612 2619 2616 2551 2477
2427 2521 1213 2563 2652 2517
2648 2658 2524 2657 2610 2586
2539 2649 2637 2791 1285 825
2286 2277 2394 2341 2315 2317
2269 2257 2842 2455 2667 2560
2726 2795 2585 1971 2718 2600
2713 2800 2482 2893 2730 2660
2552 2744 2363 1963 2530 2029
539 2484 2514 2601 2725 2661
2539 2667 2797 1754 1893 2084
1880 1832 1934 1732 1984 2010
1899 2647 2341 2408 2368 2090
2195 1789 2298 2347 2491 2400
1782 1442 2624 2558 2557 2675
2683 2687 2470 2685 2789 2618
2560 2945 2009 2490 2734 2720
2676 2685 2809 2576 2677 2636
2542 2751 2632 2770 2663 2585
2570 2292 3286 4031 2986
2159 2762 2490 2595 2257 2542
2656 2718 2685 2712 2627 2581
2444 2635 2594 2614 2640 2707
2413 2651 2681 2517 1773 2722
2558 2695 1165 2394 904 3076
2445 2900 2666 2762 2587 2574
2590 2685 2707 2693 2682 2715
2810 2526 2661 2832 2667 2799
2562 2955 2834 2680 2600 2651
2033 2828 2527 2633 2686 1743
506 2625 2688 2628 2593 2599
2513 2783 2771 2879 7905 2653
2348 2714 2767 2707 2566 2685
2585 2593 2749 2687 2712 2471
2537 2586 2958 2381 2697 2622
1878 898 2612 2736 2694 2728
1634 2444 2253 2338 2307 2148
2239 2416 2320 2254 2251 2331
2005 2244 2276 2300 2102 2051
2051 2194 1916 1318 2604 2438
2687 2040 1993 2650 2474 2626
2531 2693 2726 2939 2558 2575
2599 2708 2779 2705 2576 2606
2546 2855 2552 2694 2769 2791
2592 2509 2791 2603 2567 2767
2538 2678 2186 3033 41 2481
2547 2620 2483 2648 2624 2563
2508 2536 2421 2628 2483 2711
2461 1943 2507 2544 2439 7802
2546 2558 2593 2638 2619 2732
2441 2638 2533 7580 266 4785
2408 2653 2621 2459 2610
2516 2660 2627 2629 2478 2626
2419 2626 2710 2616 2582 2678
2273 2420 2488 2585 2727 2591
2465 2573 2713 2612 3045 2267
854 1971 2628 2385 1725 1587
1885 1840 2127 1772 2023 1793
1815 1985 1885 1929 1662 1815
1890 2023 1548 2029 1986 1971
1739 2023 1966 1301 2004 1997
1929 1517 4177 2051 1992 1910
1796 1976 1872 2067 1893 1938
1752 1987 1930 1966 1982 1984
1764 2077 1892 1922 1986 2002
2039 1906 1693 2095 1639 2070
1863 1509 1050 4394 2008 1942
1843 2040 2100 1564 1938 2047
1602 2045 1857 2611 2532 702
2454 2774 2773 2678 3007 2160
2630 2096 2644 2616 2763 2608
2502 2573 2742 1971 584 2563
2596 2534 2714 2587 2705 2643
2130 2693 2737 2580 1763 1638
1767 1938 2050 1816 1762 2453
2309 2328 2202 2406 2409 2120
2306 2220 2339 2365 1767 1524
2285 2065 2381 2335 2237 2261
2173 2216 2351 2394 2115 2376
2323 2313 2260 2338 2359 2069
2223 2442 2057 2419 2346 2122
2323 2347 2212 2446 2280 1902
2998 3586 2463 2185 2189 2396
2588 2577 2503 2685 2701 2634
2601 2662 2465 2661 2640 2762
2556 2494 2772 2646 2673 2674
2702 2562 2608 2532 2611 2449
2745 825 1858 2365 2753 2224
2496 2667 2884 2648 2512 2660
2536 2613 2584 2562 2555 2556
2530 2635 2680 2850 2561 2582
2617 2607 2479 2757 2560 2704
2709 2695 2159 555 2675
2419 2785 2632 2640 2539 2530
2575 2420 2726 2807 2753 2893
2404 2630 2764 2724 2842 2957
2675 2743 2744 2719 2727 2626
2634 2763 2738 2696 2134 2438
2607 2506 2699 2595 2703 2517
2701 2774 2677 2642 2581 2675
1820 2082 1918 2067 2095 1976
1956 2237 1563 1830 1833 1835
1735 1990 2404 2301 2242 1631
1969 3628 2086 2374 2101 2177
1762 1941 1964 2051 1933 1930
1839 1994 1881 1868 1927 1989
1697 1695 1754 2118 1669 1638
1638 1667 2091 1785 1971 2912
2214 989 1882 2508 2733 2692
2481 2694 2657 2638 2691 2756
2382 2388 2495 2743 2586 2584
2553 2465 2555 2587 2719 2553
2559 2762 2570 2616 2660 2713
2527 2634 1284 775 2396 2774
2673 2641 2567 2760 2692 2680
2591 2701 2937 2565 2612 2860
2303 2816 2420 2570 2752 2645
2524 2797 2111 2593 2461 2213
2213 2170 2249 1920 1459 2349
7274 2284 2139 2305 7316 2455
2274 2272 2431 2504 2249 2488
2187 1979 2353 2715 2643 2875
2507 2562 2597 2717 2481 2675
2198 2696 2727 2764 1960 358
2638 2725 7683 2584 2677
2346 2756 2619 2599 2647 2696
2488 2840 1746 1968 2007 1874
1821 1770 2037 2043 1767 2114
1852 1789 1826 1749 1646 1819
1021 4212 1889 2010 1988 1500
926 1878 2011 1946 2128 1973
1963 1523 1906 2052 1862 2042
1799 1994 2041 2032 1845 1412
1571 2067 2290 1949 2295 1835
1901 1552 4256 2418 2053 2054
1799 1968 1957 2062 1982 2046
1873 1936 2029 1490 1534 1992
1232 1711 2034 2069 1959 2021
2010 2116 2086 2026 1752 2000
1970 2069 1732 4568 2100 2175
2015 2137 905 2128 2194 1651
1665 7165 1954 2593 2453 2261
2213 2387 2279 2260 2302 2285
2302 2352 2265 2371 2544 2003
2226 2284 2127 1199 223 2335
2170 2330 2175 2292 2293 2049
2312 2215 2380 2269 2371 2435
2254 1515 1777 1614 2182 1885
1693 1732 1551 1721 1963 1597
1746 1879 1702 1644 1373
4037 1877 2076 1790 1888 1732
1791 6878 1849 1932 1817 1737
1479 1725 1610 1754 1863 2052
1715 2068 1808 1531 1822 1638
1483 1462 1929 2037 1587 2125
904 4541 2092 2035 1756 1989
1828 1713 2064 1583 1821 1996
1922 1981 1988 1468 1951 1887
4004 1949 1624 1870 1963 1238
4780 2070 1670 2002 2033 2037
2055 3593 2014 1784 2075 2115
1882 1706 2041 2044 1972 2072
1789 1527 1897 2012 1910 1988
1810 1987 2017 1967 1987 2091
1756 1997 1900 2197 1764 1358
990 1717 2579 2973 1209 1868
1660 1866 1657 1726 2052 1849
2139 1898 2344 1869 2058 1970
1122 1691 1695 1200 1755 1779
2072 2113 1243 1576 1879 1705
1735 2024 2069 643 882 1674
2087 1974 1302 1822 2014 1355
1523 1175 1792 1992 1753 1599
1597 1812 1844 1778 1689 1771
1706 1863 1829 1823 1736 1844
1890 1863 1915 1222 1586
4127 2517 2675 2740 2591 2525
2673 2676 2556 2631 2726 2584
2417 2821 2514 2631 2638 2564
2626 2648 2515 2736 2577 2689
2646 2421 2618 2558 2566 2609
2092 620 2634 2569 2697 2780
2476 2600 2473 2580 2628 2524
2433 2509 2679 2703 2489 2598
2573 2569 2610 2587 2682 2571
2638 2625 2707 2591 2568 2519
2314 2210 2793 3292 2714 2683
2259 2193 2395 2679 2637 2749
2536 2598 2881 2387 2259 2632
2407 2728 2569 2616 2760 2574
2622 2677 2801 1966 2661 2649
2697 2433 2693 2674 1399 545
2704 2473 2460 2398 1843 7683
2520 2675 2804 2773 2760 2709
2596 2710 2645 2582 2382 2537
2501 2600 2567 2500 2636 12895
2531 2654 2679 2694 2595 91
2181 2761 2769 2689 2619 2650
2650 2760 2765 2589 2589 2696
2689 2563 2545 2493 2564 2478
2565 2404 2592 2736 2684 2721
2574 2681 2611 2844 2675 2268
40 2411 2659 1180 2306 2669
2529 2757 2634 2746 1415 1637
1640 1817 2000 1780 1700 1662
1747 2143 2068 1018 4213
1520 1920 1931 1709 1928 2053
1833 3441 4324 1997 1943 2032
1748 2126 2014 1881 2033 1987
1798 1446 1402 1894 2025 1941
1990 1851 2068 2028 1868 1809
1887 1798 1604 1816 1961 1616
1776 2078 146 2521 1976 1953
1853 2061 2023 2100 2110 1921
1942 1931 1878 2433 2427 2797
1491 1949 2051 2166 1874 1270
1648 1713 1836 1944 1934 1769
1481 2001 1991 745 1547 1770
1722 2286 1920 2313 2354 1996
2102 2221 2208 2398 2183 2385
2212 2244 2322 2300 2011 2234
2088 2204 2225 2258 2271 2372
2036 2315 2177 2219 1855 414
1919 2170 2439 2498 2616 2528
2501 2638 2536 2578 2610 2538
2472 2634 2661 2594 2612 2573
2482 2563 2509 2497 2775 2612
2385 2630 2571 2624 2520 2161
2192 2679 2660 2804 2510 1704
1736 1616 2015 1970 1930 1877
1919 1989 1853 1977 1948 2065
1791 1988 1633 1125 1856 1560
1729 1914 2071 1969 2064 1818
1565 2387 3927 1788 2044 1965
1967 2039 2005 1959 2006 1992
1975 1959 2016 1698 1730 1884
1668 1905 2053 1849 1877 1927
1632 1513 2092 1947 1831 1662
1659 1760 67 1364 1865 1598
1470 1505 2165 2004 1993 1948
1954 1895 1836 1684 2017 1774
1951 1579 1675 1710 1815 1799
1608 1639 1551 2440 2319 2257
2093 2368 2415 1632 211
2080 2322 2318 2435 2172 2129
2211 2333 2308 1835 2374 2231
2297 2219 2036 2285 1951 2281
2113 2120 2361 2279 2169 2185
1967 2243 2426 2147 2396 2045
1576 1540 1793 1740 1952 1994
1842 1975 2111 1965 1972 1827
1668 1635 1740 2082 1931 2547
2179 2299 2295 2210 2256 2249
1904 2569 2695 2460 2609 2500
1893 2481 4892 2422 2498 2569
2441 2699 2681 2771 2711 2502
2752 2576 2705 2590 2697 2661
1326 1700 1640 1817 1828 1977
1917 1917 957 1937 2551 2271
2059 2332 410 2703 2262 2228
1853 2287 2314 2198 2329 2072
2060 2067 2097 2300 2291 2205
2203 2009 2264 2212 2352 2263
2261 1863 2335 2155 2512 2118
2061 2275 2322 1538 486 2402
2110 2405 2281 2276 2297 2243
1984 2322 2175 2164 2142 2217
2275 2239 2322 2342 2230 2251
2266 2227 2218 2226 2159 2182
2243 2273 2262 2284 1944 1909
2240 2278 2326 2263 2301 2385
2207 2418 2459 2511 2410 2401
2251 2562 2373 2427 2226 2501
2107 2398 2358 2379 2386 2387
2309 2468 2404 2445 2266 2020
2753 55 1469 2764 2771 2596
2343 2664 2677 1905 2401 2444
2328 2445 2155 2560 2176 2255
2254 2538 2504 2422 2530 2513
2293 2507 2415 2652 2239 2571
7302 185 3177 2315 2378 2430
7365 2416 2396 2213 2430 2066
2244 2515 2320 2256 2202 2251
2330 2322 2412 2384 2355 2451
2149 2501 2453 2533 2078 1717
1492 1359 3734 3425 1954
1803 1825 1938 1946 1966 1934
1827 1466 1681 1494 1970 1996
1946 1948 2108 1931 2047 1966
1875 1900 1933 2087 1884 1981
1713 1942 2051 1878 23 2018
1838 1876 2029 353 1539 1776
2036 1950 1759 1925 1428 1483
1570 1687 1850 1942 1898 1956
1784 1787 1818 1789 1843 1944
1519 1613 1904 2079 1978 971
2197 1720 1774 1884 2044 1932
1863 1831 1747 1640 2016 1980
1896 1957 388 1683 1361 1364
1870 1932 2089 1892 2067 1474
6602 2024 2046 1974 1928 2017
344 965 1991 2068 2119 2085
1967 2117 1974 2060 1976 2132
2014 2248 1823 1992 2064 2053
1831 2018 1997 2011 2064 2077
1987 2160 1968 2021 2111 1795
1966 1584 4469 2040 2003 2034
1883 1936 2083 1558 1885 1776
1941 2066 2017 1241 1817 2241
1292 2030 2080 2258 1986 2019
1716 2067 2087 1974 2027 2292
1777 2130 1350 4229 1963
1701 2035 2478 2211 2157 7489
2537 2608 2655 2591 2682 2607
2348 2871 2619 2494 2819 2452
2430 2585 2673 2598 2731 2776
2656 2810 2776 2660 1537 1836
2703 2718 2894 2660 2572 2587
2530 2675 2873 2726 2639 2611
2006 2689 2602 2741 2669 2669
2428 2757 2900 2697 2824 2375
2362 2665 2793 2751 2700 2144
558 2386 2601 2664 2602 2543
2589 2741 2853 2473 2683 2543
2648 2493 2623 2642 2831 2626
2562 2471 2717 2686 2703 2550
2331 2643 2599 2531 2625 2639
2291 2480 2613 2687 2662 2762
2594 2101 1255 1176 2509 2634
4105 1271 1964 2006 1961 1940
1566 2095 1850 1936 1750 1913
1707 2588 2047 1815 2311 2243
1966 1805 1520 2484 2273 2396
2305 2231 2428 2569 2168 2486
2153 2314 1750 1616 1756 1708
1619 1653 2419 2536 2300 1733
353 2472 2475 2750 2591 2588
2553 2563 2154 2217 3696 2522
2571 2485 2630 2596 2453 2556
2479 2538 2543 2550 2708 1730
1834 1846 1771 1632 1846 1429
1684 1914 1577 1422 1851 1931
2107 2431 2438 2703 1193 1744
2326 2627 2542 2663 2719 2614
2667 2636 2718 2676 2775 2712
2571 2597 2675 2457 2616 2636
2693 2679 2736 2622 2611 2440
2567 2838 2880 2234 2705 2202
589 2365 1918 1779 1848
1708 1779 1502 2725 2176 2281
2217 2234 2339 2177 2252 2395
2112 2420 2374 2115 2267 2310
2106 2469 2312 2216 2301 2224
2509 1896 1563 2306 2105 2024
2245 2342 2435 2289 2287 2228
2105 2200 2254 2205 2151 2464
2103 2294 2395 2168 2318 2358
2254 2282 2370 2262 2336 2162
2171 2212 1952 3164 3717 2197
2271 2366 2274 2467 2341 2157
2333 2166 2388 2511 2277 2490
2307 2254 2273 2415 2202 2319
2154 2336 2336 2417 2190 2221
2097 2239 2290 2372 1012 1538
1183 2159 2307 2354 7351 2297
2043 2342 2449 2282 1087 1961
2231 2370 2456 1652 2320 2437
2215 2353 2358 2231 2333 2338
1995 2347 2017 2109 2743 1119
1866 2692 2780 2725 2673 2731
2500 2577 2674 2688 2635 2638
2631 2701 2702 1695 1931 1813
1384 1885 2048 1505 2426 7340
2208 2271 2503 2237 2629 2548
1088 1914 2661 2656 2616 2646
2546 2661 2552 2694 2723 2562
1938 2078 1978 1504 1388 1557
1882 1913 2047 2013 1804 1990
1923 2086 1949 1588 2065 1906
1909 1630 4392 1954 1494
1875 1887 1998 1948 39 1676
1457 1977 1967 1938 2091 1883
1901 2136 1891 1974 1965 1928
1949 1923 2064 1887 1998 1959
1804 1969 2041 1667 4508 2045
1909 1934 2050 1852 2052 2043
1936 2024 2048 2028 2158 2019
1982 1548 2076 1850 2036 1972
1981 2011 2025 1995 2088 2005
1965 1875 1989 2113 1570 4494
1997 1853 2009 1938 1978 2019
1902 1876 1961 2004 2052 2018
1840 2033 1990 1917 1628 2027
1891 2068 1968 2033 1889 1849
1946 1902 1939 1902 1953 1580
4582 1943 1640 1998 1952 1943
1955 1913 2022 2009 1993 2061
2007 1866 1984 1931 2138 1955
1955 1924 2010 2034 2166 2028
1733 1973 2188 2010 2021 1923
1621 731 1506 1906 2079 1723
1933 1922 1905 1987 1901 1465
1950 1732 1987 1861 1877 1724
1586 1954 1934 1803 1392 1619
1725 1448 2089 1786 1704 1641
1365 1640 1955 4381 2004 1757
1833 1801 1756 1491 1702 1871
1672 1843 2086 1832 1867 1968
1941 1992 1736 1921 2009 1685
1722 1971 1958 2177 1981 2165
2046 1998 2094 4007 4102
1902 1843 1986 1925 2137 2066
1938 1917 1992 1710 1725 1886
2483 2752 2626 2661 2656 2627
2474 2694 2885 2452 2659 2530
2767 2620 2595 2648 2715 431
1897 1983 1611 1861 2056 2049
1700 2042 1818 1849 2104 1881
1932 1429 2045 1155 1589 1667
1495 1855 1812 1729 2184 1858
1981 1631 2243 1476 1725 1698
1187 4211 1922 1414 1222 1680
1435 1894 1914 1984 1665 1877
1661 1595 1871 2079 1972 1698
1677 1655 1601 2024 1563 1795
1569 4379 1772 2068 1962 1971
1689 1097 661 1991 1750 1852
1897 2073 2098 2095 1831 6831
1747 1930 1765 1950 2018 1700
1751 2007 1881 2028 1878 1855
2004 1931 2065 2024 1771 1739
1740 1796 1142 4150 2054 2077
1454 1891 1988 1932 1868 1932
1866 2035 2140 2062 1952 1781
1507 1727 1779 2014 1982 1650
1586 1742 1843 1898 1853 2015
1800 1205 1104 641 3198
1919 2025 1899 2102 1884 1956
1752 1913 1941 1887 1834 2026
1607 1583 1080 1770 1456 843
1469 1607 1771 1910 1684 1772
1732 1835 1764 1838 1830 1197
3913 2303 1974 1496 1912 1953
1950 2078 2005 1947 1917 1780
1894 2044 2009 2029 2072 2051
1928 2044 2034 2007 1952 1988
1945 2102 2166 2029 1966 1964
1456 4395 2082 2027 2004 1990
1824 1978 1535 2060 2035 2074
2026 2097 2060 1974 2135 1965
2065 1811 2021 1894 1533 1965
1785 2077 2067 1938 2055 1833
1830 1653 26 1608 2093 1390
1975 1968 1974 2048 1893 2002
1957 1946 2000 2061 1926 1917
1508 1605 1804 2019 1910 2015
1877 1971 1926 2102 1895 2015
1728 1892 1396 699 1539 1797
1775 1808 1640 1659 1956 1615
1635 1856 1833 1896 1694 1821
1565 1904 1223 1151 1560 1664
1275 1736 1690 1916 1757 2104
1901 1986 1882 1722 2157 2820
1778 1761 1456 2010 1822 1968
1897 1785 1988 1729 1241 1977
1961 1914 1927 2052 1708 1866
1821 1912 1838 1995 1984 1908
1856 1700 1999 1998 1752 673
1818 2014 1559 1814 1658 1881
1730 1925 1980 2615 4975 2660
2404 2671 2777 2693 2907 2803
2643 2668 2871 2714 2672 2545
2743 2596 2743 2608 2662 2549
1370 416 2657 2372 2610
2498 2522 2782 2490 2554 2636
2227 2494 2647 2425 2477 2430
2502 2492 2652 2706 2548 2587
2530 2678 2587 2750 2929 2631
2506 2708 2173 616 1796 1888
1835 1851 1963 1928 2092 1884
1882 1960 2074 2078 1927 2309
2314 2509 1971 2727 2726 2629
2595 2664 2699 2623 2583 2630
2500 2646 2596 2036 1804 2502
2604 2508 2662 2617 2607 2692
2551 2725 2612 2582 2779 2653
2500 2652 2537 2708 2821 2632
2537 2724 2909 2691 2555 2564
1919 2545 2528 2698 2362 3361
3705 2779 2663 2760 2701 2758
2644 2534 2723 2655 2728 2665
2270 2593 2706 2624 2699 2786
2559 2670 2802 2585 2575 2601
2544 2512 2621 2676 2542 2569
1166 1737 2637 2632 1995 2016
1826 2068 1953 1958 2012 2047
1499 1733 1959 1987 2101 1981
1978 2123 1914 1882 1818 1903
1805 1787 1936 1819 1854 1934
1716 1482 4228 1968 1886 2011
1938 2010 2050 1931 2037 1967
1903 1947 1479 1942 2229 1769
1876 1939 1950 1621 1747 1943
2001 1621 2068 2041 2021 1857
1610 1925 1352 4060 1670 1894
2011 1783 1952 2018 1813 2052
1854 1838 1792 1582 1672 1705
1680 1859 1860 1893 2010 1831
1960 2054 2130 1756 1752 1569
1374 1684 1650 1478 3581
1230 1804 1242 2477 2279 2222
2205 2329 2089 2199 2292 2253
2182 2166 2412 2352 2182 2334
1842 2340 2260 2194 2366 2277
2256 2380 1030 2263 2364 1729
399 2217 2299 2443 2319 2378
2165 2222 2278 2379 2308 2407
2220 2014 2350 2372 2415 2334
2185 2386 2320 2254 2473 2266
2132 2453 2134 2402 2390 2707
1840 2473 201 2663 2716 2632
2364 2642 2709 2605 2482 2624
2579 2738 2781 2888 2625 2891
2729 2699 2597 2780 2618 2783
2509 2412 2244 2384 2237 2153
2164 2686 822 201 2175 2275
2214 2247 2193 2276 2227 2284
2321 2111 2394 2387 2107 2376
2089 2278 2491 2304 2323 2231
2008 2289 2179 2169 2281 2203
2135 2221 2207 1998 340 2361
2302 2402 2378 2415 2214 2208
2367 2244 2294 2260 2362 2178
2214 2433 2360 2169 2390 2343
1979 2317 2105 1947 2334 2162
2170 2630 2517 2558 2024 2524
3203 3453 2573 2545 2647 2466
1990 2548 2475 2470 2526 2538
2554 2557 2785 2598 2732 2473
2669 2570 2748 2608 2718 2707
2532 2827 2637 2566 2727 1657
2339 1284 507 2639 2590 2655
2303 2821 2689 2594 2409 2477
2550 2524 1892 2655 2212 2499
2515 2600 2734 2584 2649 2661
2584 2644 2710 2658 2546 2556
2689 2714 2101 645 2646 2667
2639 2689 2702 2789 2562 2800
2697 2638 1809 1226 1584 2057
1814 2190 2038 2184 2202 2096
1811 2002 1961 1848 1918 1566
2630 2674 2512 2109 2913 2511
2517 2773 2709 2590 2602 2548
2625 2735 2845 2588 2652 2663
2605 2653 2684 2400 2708 2565
2621 2591 2761 2074 2024 2690
1852 2408 2777 2630 2326
3187 2790 1419 576 1359 1406
2036 2660 2600 2149 2260 2335
2409 2654 2615 2556 2468 2600
2439 2575 2586 2593 2548 2591
2309 2649 2523 2524 2608 2723
2387 1513 495 1517 1583 1762
1622 1784 1770 1749 1708 1132
2346 2267 2339 2428 2133 2341
2246 2282 2321 2346 1717 2234
1602 2354 2202 2266 2284 2268
2196 2429 1755 114 2319 1243
462 1979 2384 2305 2293 2146
2026 2302 2161 2371 1981 2719
1824 2283 1947 2216 2264 2176
2313 2411 2380 2242 2425 2253
2088 2212 2371 1909 2211 2135
2296 2268 2244 2262 2358 2283
2181 2217 2294 2362 2178 2380
2246 2168 2453 2474 2255 2344
2231 2341 2397 2249 2139 2350
2084 2132 2488 2346 1819 1599
3563 2526 1085 2769 2875 2553
2675 2737 2514 1454 2326 1707
2605 2619 2754 2561 2437 2478
2535 2630 2637 2540 2638 2476
2487 2425 2596 2605 2748 2769
1061 1926 2507 2665 2823 2618
2533 2549 2752 2672 2604 2670
2020 2559 2400 2740 2754 2689
2469 2682 4520 48 590 1032
1286 1205 1352 1656 1138 1640
1806 563 1001 2088 1991 1927
1962 2056 2041 2015 1732 1768
2002 1652 1971 1461 2142 2077
1988 2074 2082 2017 2042 2034
1748 1209 639 262 474 42
4669 1333 183 178 763
1121 828 281 1049 606 30
761 1153 1658 1615 1958 704
4608 847 1148 2273 2344 2732
2563 2801 2740 2688 2691 2616
2526 2759 2650 2806 1597 1947
2609 2613 2510 2052 2028 1942
1670 1927 2130 1903 2047 1802
1974 2046 1970 1536 1864 1552
1879 2017 1948 1916 2017 1900
1937 2452 2541 2650 2669 2095
591 2757 2486 2720 2722 2684
2356 2678 2682 2727 2768 2689
2315 2695 2651 2759 2740 2729
2551 2646 2802 2581 2685 2503
2439 2627 2632 2782 2696 1931
1528 1517 1766 1577 1733 1919
1789 1646 1645 96 682 2482
2524 2784 2392 2545 2527 2561
2538 2672 2690 2768 2630 2762
2658 2715 2625 2732 2563 2465
2429 2158 2574 3753 2648 2482
2416 2662 2653 2532 2832 7779
2555 2641 2805 2670 1583 1562
1269 1700 1593 2001 1790 1742
1964 2073 2120 1875 2024 2124
2218 1988 2240 3254 1999 1910
1874 1545 1985 1805 2004 1951
2005 2024 2030 2649 2186 2805
2656 2801 2681 2721 2620 2732
2520 2763 2591 2705 2638 2664
2501 2602 2670 2139 2079
3382 2637 2615 2572 2646 2602
2317 2777 2589 2606 2664 2573
2458 2636 2634 2755 2514 2819
2362 2648 2610 2661 3002 2840
2335 2579 2572 2551 2594 2339
1383 676 2637 2454 2540 2541
2363 2690 2492 2425 2507 2568
2483 2497 2730 2718 2705 2612
2616 2553 2565 2574 2539 2574
2407 2644 2823 2675 2598 2552
2570 2294 655 2577 2627 2639
2495 2646 2604 2593 2506 2716
2547 2569 2596 2597 2420 2733
2573 2555 2653 2605 2703 2533
2427 2611 2531 2645 2644 2335
2653 2354 2269 3529 100 2475
2505 2646 2487 2522 2603 2608
2554 2696 2749 2544 2615 2593
2584 2658 2588 2574 2538 2686
2537 2503 2554 2709 2583 2573
2513 2481 2616 2563 1709 501
2580 2551 2583 2809 2539 2739
2565 2549 2769 2934 848 1641
2201 2666 2709 2705 2697 2676
2661 2626 2683 2544 2685 2729
2288 2609 2593 2672 2515 2042
718 2463 2604 2580 2522 1983
2506 1932 1668 1944 1895 1867
797 1587 2109 2130 2005 1694
1586 1605 1678 1835 2050 1758
1458 1651 1658 2038 2059 1913
1357 1286 4041 2013 1945 1720
1898 1885 1923 1933 2047 1992
1661 2499 2710 2599 2493 2574
2463 2325 2609 1817 2583 1760
1700 1555 1802 1970 3847 1174
1604 804 3444 2168 2123
1882 1915 2068 1884 4765 1849
1419 1984 393 999 2128 1827
1826 1983 1890 59 987 1256
1440 2468 2761 2200 532 2276
1442 790 1534 475 4486 4106
1959 2153 2267 2426 1251 1001
1602 1764 728 1381 1919 1976
1904 1594 1665 1773 1746 1842
1920 2010 1650 1688 1504 1651
1564 1680 1301 1840 889 659
1764 1764 1430 1280 1838 1696
1772 1368 1309 1776 1718 1839
1802 1497 1883 1959 1842 2465
2498 2532 2670 2737 2503 2549
2650 2588 2532 2063 2328 1886
305 2347 2687 2548 2300 2196
2576 2353 2276 2693 2578 2693
2488 2659 2646 2772 2589 2624
2384 7775 2764 2881 2737 2835
2761 2711 2709 2749 2711 2743
2143 717 2576 2627 2654 2594
2639 2562 2713 2602 2659 2696
2471 2512 2634 2646 2630 2551
2586 2597 2694 2670 2730 2686
2576 2718 2635 2671 2717 2675
2607 2210 2642 3198 2807
2527 2723 2749 2774 2779 2727
2564 2675 2709 2516 2645 2578
2568 2609 2599 2575 2666 2585
2630 2587 2581 2670 2501 2733
2602 2663 998 2595 2704 1321
493 2608 2658 2661 2642 2618
2581 2669 2768 2622 2782 2674
2636 2653 2706 2631 2647 2635
4237 1891 1809 1711 2067 1737
2005 1684 1747 1976 2036 1888
3537 3259 1156 1929 1948 1977
1774 1883 1954 1998 1905 2051
1643 1790 1811 1565 1787 2075
2081 1822 1842 1954 1995 2023
1904 604 2392 2589 1044 1460
1944 360 2099 2131 1848 2062
4553 1688 1882 1265 2006 1896
1441 2337 2644 1220 759 865
753 732 1659 1079 2136 764
519 505 4150 2657 2624 2653
2563 2175 3833 132 2615 2654
2294 1257 914 1270 52 707
1201 1728 1616 1565 1703 1705
3996 2151 1331 659 434
632 248 107 52 3940 805
627 2447 1460 2358 2428 2271
2199 302 1521 823 2154 703
4855 324 2157 2313 1628 2127
1850 2197 2095 2413 2436 1303
974 843 956 1487 2226 2209
2156 2483 2289 2335 1993 1976
2078 1511 2332 2573 1996 2431
2081 2336 2391 2354 2410 2472
2119 1346 2039 1108 1472 366
1170 2165 2775 1242 1558 790
760 872 2299 2465 2240 2163
2041 4613 2510 2791 1546 2526
2511 2525 2617 2757 2709 2707
2704 2632 2434 2690 2762 2668
2629 2439 2486 2387 2862 2562
2441 2633 2801 2327 2553 2696
2715 944 2019 1970 798 1737
807 794 1593 1853 1652 1313
1500 1560 734 1959 1482 1144
512 865 584 1080 2071 1776
1284 1149 1334 1676 1287 1321
2586 2459 1960 509 2681 2161
2492 2642 2766 1385 1994 1912
1885 1905 1743 2008 598 3963
1759 1397 1929 1929 2132 1911
1838 2062 2007 624 1321 1135
196 1722 1609 1522 4237
1202 1912 346 996 1917 539
400 1245 848 1518 2120 1434
1443 1646 2100 1324 1857 895
1831 1864 185 962 617 1051
1353 1805 1797 2550 2385 2019
396 2667 2573 2776 2633 2771
2372 2096 2754 2541 2716 2657
2694 2284 2647 1988 1855 1618
1665 1752 3224 4432 2235 2407
2175 1479 2285 2169 2122 2221
1469 1402 670 1645 894 1034
