4443 2337 3155 762 2277
2083 2160 2813 4061 541
598 100 1769 2132 2994
2492 1787 2241 3039 3171 3606
3929 3618 699 2126 1717
24 704 4538 985 1131 526
124 441 1801 1794 1685 1583
1053 1839 1963 1866 1897 1855
1800 1827 1844 1835 1885 1656
1819 1930 1936 1862 1971 2592
1943 1785 1789 1921 1306 1969
1623 1381 1759 1912 1991 1696
1736 1789 2013 2066 1836 1907
1980 1728 1968 1995 1645 1624
1882 2035 1840 1808 1742 1476
2483 3176 1632 1901 1866 1956
1838 1984 1910 1975 1865 1922
1864 1958 1972 1994 1906 1965
1859 1983 1911 1739 2552 2496
2356 2584 2612 2602 2644 2057
1427 179 2079 1819 1660 1630
1730 1914 1834 1490 1676 1746
1726 1715 1702 1803 1596 1651
1529 1598 1652 1255 1211 1757
1491 1163 1336 1808 1569 1696
2033 2057 1449 4443 1940 1904
1812 1925 1859 1906 1967 1801
1807 1851 1912 1872 1833 1889
1518 1939 1496 1035 2381 2398
2371 2756 2364 2596 2747 2522
2556 2728 2433 2173 488
2342 2474 2572 2344 2660 2601
2431 2628 2620 2685 2672 2656
2485 2714 2532 2791 2464 2539
2502 2591 2593 2613 2524 2574
2459 2558 2582 2517 2783 2225
2300 2564 2682 2655 2556 2565
2606 2638 2627 2598 2564 2706
2616 2395 2682 2723 2653 2610
2535 1741 1362 1950 2063 2093
1519 1858 1989 1529 1827 1825
1138 1668 3835 2131 2016 2095
1875 1954 1738 1884 1864 1956
1740 1913 1912 1924 1789 1831
1873 1867 2086 1954 2138 1881
1836 1757 1968 1802 1511 1758
1487 1857 795 848 1678 2119
1335 2000 1946 1056 1971 1855
1605 2036 2006 1793 1978 1626
1397 1499 1991 1689 1710 1735
1710 1923 1877 1733 1898 1849
1650 2030 1985 1304 4093 1758
1684 1902 1668 1530 1990 1687
1621 1854 1694 1532 1678 1798
1956 1851 1978 1307 2024 2057
1768 1991 1861 1274 1770 2006
1605 1809 1781 2082 1499 4382
1980 1946 1748 1899 1647 1861
1464 1456 1912 1758 1848 1867
1502 1809 1614 1629 1566 1733
1469 1601 1629 2363 1808 1984
1807 1910 2055 1980 1776 1637
4351 1993 2001 2122 1876
1889 1948 1400 1998 1986 1943
1933 1620 1814 1741 1775 1819
1778 2030 1997 1852 2083 2036
1840 1946 1996 2120 2012 1921
1837 1669 4315 1871 1955 1877
1953 85 1471 1695 1941 1850
1899 1874 1777 1819 1809 1921
1702 1852 1879 1991 1873 1876
1267 2110 1922 1716 1868 1774
1789 1739 1667 4533 1837 1935
1527 1917 1901 1920 1904 1752
1645 1883 1616 1325 1823 1770
1598 1759 1678 1758 1740 2056
2377 2663 2338 2430 2727 2619
2162 2565 2467 1906 257 2309
2360 2617 2507 2415 2414 2607
2562 2413 2533 2443 2568 2234
2594 2061 2575 2341 2347 2668
2361 2319 2661 2226 2662 2641
2347 2266 2589 2650 2170 2224
2033 1768 2032 1866 1936 1892
1965 1886 2032 2006 1956 1898
1909 1863 2128 1935 1821 2041
1656 1260 1353 1839 1910 1591
1604 1942 1583 1582 1785 1492
2350 3966 1753 1977 2064 2059
1344 1455 1964 1807 1904 1800
1867 1715 1811 1765 1710 2056
1470 1712 2595 2500 2418 2632
2628 2369 2549 2012 2680 2643
2627 401 3011 2615 2746 2664
2478 2603 2613 2579 2662 2623
2496 2434 2664 2591 2751 1637
2529 2399 2585 2618 2508 2627
2434 2563 2764 2601 2731 2508
2460 1650 837 4163 1983
1905 1699 1827 1506 1520 1791
1521 1915 1710 1803 2036 1818
1444 1999 1766 1633 1722 1783
1982 1884 2117 1982 1855 1397
1927 1479 2026 1625 861 721
1390 1553 1749 1888 1910 1845
1846 1385 1970 1690 1779 1679
1830 2013 1579 1654 1273 1820
1866 1828 2094 1938 1639 1778
1501 1706 2015 1890 1770 1691
4694 1806 1803 1939 1766 1852
1613 1709 2172 2779 2586 2657
2413 2859 2666 2490 2681 2748
2662 2665 2545 2683 644 2661
2541 2760 2788 2698 2577 2761
2102 798 2692 2654 2728 2730
2535 2472 2670 2301 3786 86
4577 4801 199 335 21 239
2221 142 4657 2470 1302
955 1565 1912 1655 1857 1751
1521 1499 2967 1866 1593 1522
1891 1865 1601 1964 1774 2113
1852 1730 1965 2019 1615 2050
1783 1976 1979 1950 1986 2535
2363 2650 2479 2423 2686 2669
2458 2596 2120 1871 2527 2498
2436 2398 2716 2720 2518 2638
2608 2622 2658 2562 2425 2545
2393 2526 2509 2407 2708 2545
2283 2679 2526 2623 2564 2508
2649 2348 2599 2084 3386 27
2474 2489 2694 2490 2608 2692
2310 2659 2835 2571 2596 2708
2401 2794 2699 2469 2796 2619
2464 2622 2597 2798 2574 2620
2556 2512 2587 2720 1770 727
494 1481 1851 1736 1711 2026
1888 2015 1782 1762 1727 1810
1578 1622 1878 1781 1883 1772
1642 1810 1930 1967 2018 1851
1639 1726 1668 1683 1740 1747
1466 58 1577 1892 1825 2055
1863 1903 1973 1854 1832 1824
1713 174 1614 1806 1524 1800
1952 1942 2029 1856 1857 1861
1787 1540 1599 1831 2113 2019
1911 1697 1170 1770 1791 1767
1744 1986 1647 1710 1772 1791
1955 1876 1644 1377 1430 1776
1468 1798 1744 1853 1993 1995
1820 2120 2019 2039 1983 1849
1769 1800 1419 1385 3311 1965
1541 1775 2183 2003 2000 1947
1856 1238 1922 1813 1854 1903
1809 2072 1811 1942 1878 1874
1717 2041 1826 1771 1867 1950
1958 1941 1965 1981 473
816 1877 1514 1817 1855 1837
1696 1985 29 1554 1962 1730
1910 1921 2031 1729 1691 1864
1782 1020 2576 2488 2640 2610
2454 2436 2565 2547 2587 2543
1942 302 2523 2620 2631 2587
2603 2585 2529 2819 2522 2597
2485 1248 2200 1716 2043 1695
1982 2012 2014 1971 2040 1927
1875 1963 2025 2014 2000 1811
1951 1255 777 1712 2067 1915
1375 1748 1945 1846 1496 1468
1872 1982 1982 2002 1987 1862
1812 2052 2013 2065 2015 1854
1776 2085 2010 2024 1995 1946
1967 2075 1802 2594 3247 1593
1545 1635 1792 1713 1322 1615
1611 1910 1954 1985 1832 2216
1525 1857 2004 2037 1738 1923
1439 1604 1729 2057 1725 1602
1686 1613 2031 2080 3820 3177
1756 1991 1892 2025 1970 1890
1939 1901 1850 1900 1417 1382
1829 1953 2106 1864 2001 1887
1915 1939 2030 1505 1827 1584
1658 1805 1791 1427 1814 64
583 1971 1631 1532 1637 1080
1699 1801 1802 1775 1757 1954
1995 1897 2112 1942 2001 2015
1636 1859 2035 1735 1906 1996
1982 1978 1989 1823 1922 1873
1505 4576 1997 2014 1916 1866
1921 2065 1852 2104 1925 2040
1902 1891 1671 2024 1824 1949
1921 1951 1953 1942 1851 2046
1721 1918 1620 2007 2035 1958
1813 1483 4317 1981 2095
2061 2021 1915 1978 1953 1913
1836 2038 2029 1889 1971 1513
2045 1916 1926 2125 1936 2052
1778 1464 1690 1778 1791 1613
1730 2088 1795 1336 4510 2121
1664 1753 1888 1881 1543 1977
1805 1968 1866 1542 1927 1774
2349 2558 2454 2507 2639 2466
2598 2690 2392 2627 2496 110
1790 2310 2613 2663 1781 201
2197 2480 2397 2603 2490 2824
2373 2723 2536 2552 2731 2719
2520 2670 2650 2822 2563 2537
2602 2743 2439 2590 2648 2601
2694 2512 2708 2555 2618 2293
1984 2481 2691 2679 2580 2683
2570 2671 2667 2562 2757 2691
2602 2802 2810 2776 2597 2468
2570 2623 2610 2673 2665 2540
2562 1990 2056 1982 1856 2010
1418 1736 4689 1873 1863 1648
1495 1561 1941 2022 1974 2014
1818 1948 1907 1402 2083 1911
1866 1957 1877 1964 1996 1874
1791 1896 1688 1913 1983 1872
1788 1969 3809 4133 2073 1902
1883 1772 1746 1839 1955
1485 1722 1958 1869 1803 1915
1574 1932 1999 1963 1805 2112
1740 2023 1894 1297 1848 1598
1694 1991 2096 1944 3372 4140
1986 1764 1914 1890 2071 1959
1740 2015 1488 1726 1642 1659
1904 1803 1759 2206 2119 1784
1297 2046 1708 1802 1592 1991
1744 1708 1661 1747 2024 3836
4052 2064 2075 2004 1981 1472
1687 1736 1871 1874 1780 1690
1619 1493 1723 1740 1653 1688
1690 1967 1995 1909 1747 2062
1813 2019 1883 1898 2009 1802
3532 3429 1837 1894 1803 1967
1750 1938 1498 1993 2064 1845
1968 1771 2145 1999 1832 2004
1757 1999 1819 2101 1770 2078
1894 1911 2115 1984 1925 1974
1805 587 887 1890 1946 1802
1679 2027 1831 1939 1998 1933
1790 2044 1900 1928 1959 1862
1855 1979 1956 1983 1707 1695
1699 1654 1914 1961 1486 1967
1772 1853 1384 4391 1939 1977
1921 1581 1770 1860 2103 2034
1896 1546 610 1798 2030 1902
1877 1524 1744 1947 2101 1624
1826 1539 1977 1981 1986 1980
1820 1822 1992 1568 4496
1861 1927 1951 1430 824 1500
1834 2095 1999 1966 1416 1766
1893 2068 2055 2131 1871 1904
1764 1761 1916 2024 2156 1969
1824 2001 1864 1590 1943 1381
4208 2064 1837 1907 1551 1836
1808 1922 1724 1894 1599 1829
1612 1959 1933 2129 1818 1806
1639 2058 1984 1831 1686 1712
1847 1965 2001 1850 1665 1774
1346 4161 2021 1723 1685 1882
1725 1773 1138 2554 2761 2546
2608 2575 2525 2661 2688 2752
2442 2752 2800 2786 2572 2682
2588 2811 2688 2633 2642 2694
1837 1738 4514 1954 1958 2145
1987 1859 1987 1464 1362 1766
1758 1883 2058 1961 2158 2096
1882 2112 2036 2159 1807 1343
1439 2082 2036 1864 1316 1397
1822 2010 1570 3448 1896 1944
1866 1943 2120 1786 1562 1295
1353 1659 1713 1782 2087 1774
1744 1520 1815 1795 1802 1522
1663 1822 1894 1958 1899 1900
1901 1570 1683 1327 4106
1568 1852 1955 1921 1842 1891
2032 1906 1714 1813 1509 1826
1577 1707 1655 1909 1525 1731
1826 2000 1839 1817 1873 1946
1789 2070 1796 4284 1230 1613
304 2643 2770 2589 2520 2533
2422 2633 2446 2602 2791 2206
2591 2612 2510 2585 2646 2528
2399 2492 2662 2394 1692 2563
2575 2810 2666 2683 2709 2593
2170 757 2745 2578 2572 2626
2519 2602 2568 1900 1785 1991
2011 1597 1872 1996 1919 1951
1934 1901 2028 1991 1814 1947
1922 1927 2078 1433 2020 1917
1113 1610 971 2007 1914 1994
1539 2082 1869 2033 1881 2051
1912 1858 1879 1811 1719 2146
1230 1775 1655 1528 1741 1514
2441 2563 2619 2460 2614 2525
2521 2615 1992 2405 3810 2590
2413 2641 2565 2581 2630 2400
2700 2460 2537 2680 2712 2597
2500 2609 2719 2581 2621 2636
2420 2750 2767 2809 2675 2665
2724 2649 2394 2623 1084 1889
2460 2645 2635 2696 2784 2703
2548 2695 2779 2562 2504 2330
2536 2434 2566 2541 2767 2506
2551 2514 2932 2706 2832 2622
2528 2753 2784 2656 2626 1853
747 2654 2632 2577 2758 1702
2569 2446 2535 2520 2515 2509
2637 2579 1715 1737 2106 1981
1672 1335 1779 1815 2108 1951
1485 1746 1869 1752 1679 1705
1218 4264 1598 1595 1701
1882 1818 1728 1718 1581 1513
1590 1511 1825 2099 1817 1559
2091 2070 2148 1322 1924 1664
1872 1603 1800 2086 1785 2068
1553 1757 1610 4587 1751 1961
1581 1485 1756 1712 1724 1714
1753 1906 1566 1704 1857 1713
1596 1854 1869 1731 1922 1811
1868 1582 1661 1774 1735 1773
1601 1611 1687 1405 963 1974
1514 1669 1541 1497 1790 1792
1573 1674 1601 1589 1140 1358
1584 1473 1762 1849 1732 1194
1758 1377 2611 1887 1818 1889
1834 950 1812 2034 1664 1780
4345 2023 2056 2001 1961 1788
1657 1904 2656 2543 2720 2528
2520 2551 2538 2544 2624 2544
2566 2544 2704 2794 2702 2666
2631 2668 2791 2771 2410 2741
2105 3227 2713 2678 2604 2837
2421 2713 2676 2796 2574 2678
2578 2584 2714 2472 1906 1511
1735 1790 1728 2121 1955 2084
1835 1719 1663 1895 1480 1659
1638 682 598 1917 1852 1863
1612 2011 1989 1909 2072 2020
1669 1830 1934 1955 2074 1959
1859 1793 1546 1371 1559 1914
1890 2031 1919 2065 1961 1606
1793 1956 1619 3974 1694
1505 1647 2701 2701 2391 2831
2471 2585 2588 2764 2630 2668
2493 2628 2596 2501 2757 2686
2409 2768 2609 2371 2561 2621
2499 2678 2521 2606 2038 447
2606 2707 2612 2609 2700 2779
2632 2610 2628 2757 2490 2554
2071 2624 2765 2763 2714 2235
1689 2641 2726 2613 2586 2482
2448 2661 2646 2632 2823 2083
2226 2808 2486 2671 2650 2582
2581 2480 2739 2750 2614 2701
2632 2515 2670 2628 2700 2661
2475 2671 2605 2545 2827 2648
2673 2606 2580 2687 2628 2671
2053 3286 4395 2616 2611 2701
2363 2652 2658 2610 2614 2589
2477 2684 2674 2615 2560 2667
2369 2458 2634 2624 2417 2517
2311 2663 2510 2607 2529 2565
2375 2695 706 3217 2658 2516
2645 2633 2567 2577 2740 2537
2638 2608 2682 2740 2555 2507
2645 2698 2743 2677 2771 2682
2723 2742 2764 2755 2793 2640
2458 2739 2847 1601 526 2431
2482 2577 2590 2617 2573 2848
2627 2446 2774 2801 2603 2663
2780 2633 2682 2723 2846 2543
2517 2775 2826 2546 2691 2584
2645 2764 2527 1930 1338 3812
2484 2740 2653 2723 2669 2644
2549 2620 2728 2693 2673 2637
2449 2665 2662 2746 2781 2625
2337 2676 2488 1872 2637 2710
2524 2756 2726 2680 2627 651
400 2528 2635 2735 1909
1503 1696 1587 1279 1865 1730
1482 2094 2040 1917 1770 2049
1727 1727 1194 1992 1885 1727
1675 1803 1986 1699 2009 1805
1651 1554 648 1901 1877 1685
1449 1803 1971 2082 1681 1789
1573 2000 1766 1781 1934 1823
1564 1812 1571 1754 1538 1914
1408 1867 1747 1744 1570 1666
1643 1949 1375 1840 3465 1685
1697 1803 2005 1935 1892 1411
2316 2385 2483 2487 2573 2598
2603 2821 2662 2655 2635 2840
2551 2573 2735 2697 2514 2696
2379 2706 2677 2829 449 3301
2508 2549 2603 2586 2678 2657
2226 1220 1913 1961 1977 2021
1722 1843 1884 2170 1748 1847
1277 1906 1968 2147 1703 2004
1870 2058 1974 2033 1986 1040
4147 1557 1654 1709 1962 1540
1575 1803 2058 1921 2005 1757
1741 2031 1805 1899 1900 1354
1034 1328 1878 2054 2042 1868
1810 1871 1915 1771 1623 1726
990 4299 1967 2010 1907 1965
1925 2077 2032 2029 1920 1730
1708 1925 2063 1953 1993 2012
1562 1812 1729 1818 1911 1985
1770 1924 1788 1697 1867 1755
1717 884 4329 1610 1555
1643 2018 2049 1596 1932 1983
1784 1830 1620 2063 1920 1939
1375 1659 1736 1998 1824 1924
1560 1985 1692 1396 1736 2587
2476 2392 2762 1787 599 2628
2494 2714 2724 2742 2428 2698
1843 2652 2834 2750 2800 2806
2510 2471 2596 2630 1830 2498
2608 2705 2658 1731 1707 1667
1593 1711 1577 1597 1542 4076
1763 1783 1477 2515 2626 2608
2593 2772 2577 2737 2566 2717
2523 2524 2741 2180 2643 2647
2364 2542 2607 2654 2670 2685
2459 2709 2522 2702 2517 2155
357 2680 2750 2805 2644 2679
2439 2637 2568 2620 2604 2631
2543 2667 2672 2682 2644 2755
1748 2041 2014 2029 2051 2017
1707 2144 1839 1418 1835 1850
1234 1083 1861 2064 1976 1957
1844 1767 1998 1875 1956 1653
1541 1717 2220 2718 2197 2644
2586 2608 2563 2558 2616 2568
2565 2741 2698 2241 2547 2719
2614 2044 2229 3541 2621 2722
2389 2573 2547 2727 2753 2679
2597 2759 2577 2628 2432 2609
2360 2554 2671 2613 2603 2607
2319 2561 2465 2676 2596 2520
2422 2696 2521 1403 527 2563
2512 2669 2722 2763 2545 2594
2444 2763 2744 2781 2426 2598
2579 2583 2725 2684 2715 2778
2503 2669 2773 2551 2655 2743
2538 2742 2633 2498 2151
305 2559 2652 2530 2567 2730 2642
2496 2721 2716 2742 2634 2723
2631 2717 2619 2606 1923 2658
2548 2644 2737 2503 2762 2437
2568 2507 2705 2436 2686 2093
3807 2857 2007 2738 2585
2575 2734 2655 2781 2788 2651
2617 2649 2721 2709 2661 2757
2620 2421 2736 2810 2631 2657
2534 2640 2595 2439 2620 2511
2385 2139 3278 4143 2197 2682
1936 2662 2467 2593 2534 2711
2483 2736 2683 2624 1922 2661
2502 2941 2776 2718 2541 2589
2671 2587 2608 2737 2608 2770
2477 2540 2693 977 2471 2885
2334 2394 2531 2604 2642 2574
2488 2664 2645 2803 2623 2605
2611 2554 2498 2769 2431 1908
2407 2553 2637 2599 2415 2568
2407 2641 2632 2535 1787 528
414 2566 2739 2785 2594 2610
2642 2618 2597 2832 2502 2604
2531 2589 2621 2707 2579 2606
2595 2583 2707 2618 2525 2718
2611 2705 2672 2796 2622 2304
361 2645 2696 2464 2527 2000
1848 1801 1708 1708 1724 1502
1570 1927 1947 2003 1890 1814
1819 1937 2009 1860 1949 1898
1790 1977 2067 1311 1901 1749
1275 2019 2401 2127 1194 1857
1440 1780 1898 2021 1929 2062
1862 1990 2107 1850 1834 1975
1519 1998 2065 1398 2499 2564
2504 2516 2641 2568 2646 2648
2457 1993 2212 3533 2577 2622
2627 2715 2710 2733 2722 2560
2508 2556 2541 2645 2619 2404
2348 2462 2411 2535 2624 2610
2510 1741 1799 2012 1972 1851
1731 2049 1853 542 820
1902 1952 1954 1999 1963 2056
1913 1677 2047 1865 2028 1553
1849 1970 1869 1747 1919 1830
1953 1945 1917 2075 1921 1593
1918 1995 1862 1902 2032 1389
4386 1934 2002 2019 1767 1694
1825 1924 1906 1943 2428 2534
2025 2557 2658 2561 2606 2651
1825 2689 2513 2562 2672 2530
2397 2562 2575 2576 2540 2482
1839 457 2600 2665 2629 2557
2535 2624 2774 2629 2653 2595
2541 2685 2601 2461 2733 2590
2427 2631 2580 2843 2773 2595
2633 2599 2622 2664 2691 2561
2573 2147 2169 2713 2671 2552
2611 2581 2691 2598 2548 2575
2548 2529 2740 2581 2822 2660
2516 2588 2579 2619 2549 2684
1983 2622 2573 2604 2591 2415
2482 2551 2228 2868 91 2593
2419 2499 2589 2510 2514 2696
2337 2295 2655 2483 2600 2553
2425 2517 2604 1739 2696 2561
2417 2578 2507 2627 2538 2533
2416 2327 2608 2591 1448 1832
2577 2510 2669 2558 2531 2653
2508 2398 2638 2676 2763 2586
2383 1344 1868 1877 1691 1979
1361 1479 2037 2008 2022 2000
1828 1993 1971 1967 1904 1373
3168 1682 1581 1908 1925 1922
1855 1836 1963 1585 2047 1829
1769 1841 2114 1924 1980 1945
1985 1952 1953 1824 1618 1907
2032 2066 1873 1581 1677 1568
1382 4385 2008 1711 1787
1640 1764 1962 1966 2213 2003
1799 1821 2090 1856 1894 2005
1864 1857 1976 2174 1870 2002
1798 1795 2016 1833 2008 1996
1765 1908 1451 4582 1920 1754
1731 1506 1906 1875 1875 1820
1862 1895 1924 1813 1481 1976
1937 1939 1573 1813 1880 1965
1810 1911 1942 1815 1835 1725
1817 1663 1842 1242 4363 1864
1741 2163 2076 2063 1950 1829
1742 2090 1961 1910 1773 1781
1451 1984 2029 1838 2383 2484
2545 1788 1838 1229 1867 1962
1790 1929 1923 1904 1586 4352
1479 1659 1760 1655 1818 1713
1847 1986 1760 1617 1973 2068
1988 2061 1892 1943 1687 1920
1951 1791 1887 1779 1956 1879
1723 1853 1799 1696 1678 1565
4248 1799 1644 1980 1901 1676
1654 1898 1952 1730 1939 1909
1576 2394 2443 2629 2709 2490
2557 2576 2359 2553 2502 2451
2488 2429 2420 2615 2571 2625
1943 594 2538 2724 2473 2396
1791 1885 1841 1738 1269 1760
1686 1874 1940 1882 1860 1555
1858 1949 1945 1978 1815 1805
1507 1965 2039 1958 1804 1856
1592 1603 2011 1920 1917
1853 721 1923 1940 1964 2031
1928 1998 1955 1926 2059 2089
1835 1867 2048 2028 1642 2091
1379 2047 1633 1855 1919 1861
1572 1835 1730 1431 1449 2369
1553 1908 1691 1556 1717 1540
1448 1856 1724 1562 1873 1828
1427 1128 1467 1810 1623 1782
1725 1526 1961 1833 1881 1664
1629 1559 1942 1224 1763 758
726 1988 1944 2081 1731 1959
1763 1911 2009 2009 1851 1568
1465 1929 1956 1943 1864 2054
1736 1973 1997 1631 2078 2060
1747 1991 1892 1485 1887 1732
1210 4413 1666 1753 1726 1792
1571 1856 1737 1873 1955 2267
1713 2148 2109 1942 1985 2099
1863 1926 1963 1799 2150 2148
1696 1567 1768 2186 2147 1786
2033 540 4087 1540 1965 1968
2327 2723 2631 2640 2730 2390
2474 2623 2489 2521 2473 2526
2630 2438 2635 2549 2582 2632
2286 2684 2637 2482 2622 2512
2366 2654 1860 323 2673 2461
2344 2507 2436 2627 2568 2344
2488 2564 2677 2684 2504 2589
2499 2396 2680 2602 2711 2571
2568 2689 2677 2619 2694 2650
2635 2526 2475 2190 1897
2364 1534 1531 1006 1314 1775
1473 1839 1888 1817 1822 1899
1705 1823 2168 1476 2025 1529
1695 1852 1885 1958 1744 1926
1949 1739 1773 2784 2711 2208
3001 2645 2663 2739 2797 2874
2531 2524 2720 2586 2557 2498
2473 2760 2455 2611 2554 2460
2498 2657 2590 2611 2582 2604
2586 2617 2768 2481 2607 2665
2046 3314 3676 2633 2534 2656
2387 2515 2612 2481 2592 2644
2395 2645 2584 2542 2657 2644
2552 2462 1740 2587 1048 2493
2249 2469 2558 2494 2454 2618
2405 2476 1219 1857 2616 2564
2355 2536 2696 2632 2735 2611
2384 2701 2704 2669 1962 1923
1516 1984 1712 1852 1840 1963
1645 1899 1840 1967 1863 1929
1754 1879 1813 1301 3372 1919
1839 1836 1929 1846 2141 1755
1943 1641 1763 1599 1784 1802
1345 1493 1757 1870 1546 1477
1991 1783 2147 2008 2021 1888
2003 1948 2137 2078 1582 4484
1645 1475 1461 1657 1897 1511
1458 1562 1672 1930 1787 1944
1888 1995 1873 1953 1936 1981
1909 1916 1852 1886 1915 1612
1886 1721 1908 1778 1944 1487
4319 1930 1557 1591 1991
1735 1934 1984 1986 1882 1927
1953 1949 2020 1900 1914 1707
1687 1955 2043 2010 2014 2019
1784 2019 2055 1901 1808 1904
1538 1578 4475 1853 1954 2006
1854 1854 1948 1918 1429 1923
1905 1918 1769 1828 1923 1919
1853 1551 1618 1904 1956 1945
1837 1622 1937 1955 1787 1837
820 1880 1129 4360 1922 1958
1703 1713 1951 1920 1919 1708
1624 1859 2001 1829 1852 1629
1934 2062 1699 2123 2098 290
1418 1751 1903 2103 2112 1693
1866 1879 1938 1524 4369 1762
1735 2069 1867 2049 2060 2102
1848 2023 2105 2041 1903 1798
1899 1945 2208 2116 1795 1600
1199 1851 1786 1887 1912 2042
1873 1745 1933 1799 1578 4389
1940 1988 1848 1970 1861 1894
1683 1709 1880 1941 1335 1384
1863 2065 2147 2125 2171 1726
1760 1826 1836 2158 2071 1988
1681 1747 1823 1914 1805 1560
4192 2006 2003 2282 1821
1746 1813 1858 1818 1628 1806
1656 1391 1960 1906 1892 1713
1821 1829 1874 1854 1950 1893
1959 1899 1985 1836 1923 1780
2019 1542 4072 1380 1645 2039
1776 1998 1769 1865 1821 2030
1726 1737 1040 1983 1982 1748
1959 1285 1552 2004 1947 1911
1622 1470 2006 1398 1937 1784
1463 1045 979 4423 1850 1674
1757 1923 968 1928 1082 1878
1605 2066 1993 2066 2070 1971
995 1801 1884 2070 2010 1664
1902 1890 2084 2032 1977 1957
1936 1905 1809 1633 4661 2124
1866 1793 1928 1929 1562 1877
1774 1944 2089 2090 1827 1637
1388 1582 1826 1917 1682 1979
1665 1364 1995 1744 1966 1863
1738 1842 1892 1776 1481 575
1693 1757 1525 1609 1898 1791
1666 1965 1981 1727 1533 1629
1851 1631 1571 1864 1605 1704
1698 1906 1729 1654 1652 1807
1468 1593 1907 1734 1587 1266
1858 4003 1778 1727 1609 1693
1630 1666 1860 1815 1719 1795
1590 1783 1805 1791 1622 1784
1411 1656 1792 1806 1718 1659
1551 1833 1599 1682 1525 1870
1749 83 1868 1517 1764
1671 1780 1803 1620 1452 1745
1405 1511 1594 1707 1698 1812
1691 1892 1989 1727 1730 1663
1597 1837 1774 1882 1698 1775
1794 1775 1817 1151 4131 1774
1514 1638 1581 1705 1820 1547
1675 1585 1590 1657 1723 1740
1657 1787 1760 1615 1539 1819
1352 1891 1426 1361 1669 1580
1553 1739 1764 1464 1027 4208
1510 1791 1457 1716 1607 1957
1681 1871 1696 1898 1667 1771
1369 1196 1789 2142 1914 1832
919 1552 1527 2149 152 2025
1558 2023 1917 1949 1950 1507
4117 1697 1803 1810 1938 1815
1738 1615 1722 1843 1731 1796
1013 1835 1745 1785 1910 1669
1517 1664 1925 1776 1964 1847
1582 1733 1786 1917 1667 1966
1323 4283 1803 1662 1395 1803
1620 2076 1984 1553 1350 1669
1411 1527 1692 1620 1969 1925
1819 2025 2086 1940 2064 1989
1846 1965 2424 2417 2569 2494
2342 2006 473 2382 2523 2279
2430 2443 2371 2723 2475 2418
2037 2541 2545 2607 2641 2509
2429 2435 2609 2632 2680 2679
2505 2564 2673 2597 2711 2600
2490 2668 2002 1860 2598
2629 2697 2742 2743 2623 2738
2545 2564 2662 2669 2624 2653
2490 2721 2649 2509 2721 2649
2694 2549 2681 2682 2598 2522
2636 2768 2702 2741 2319 3344
4178 2545 1697 1771 1907 1467
1785 1970 1754 1629 2011 2030
1778 2068 1880 2034 2034 1806
1921 1773 1970 2014 1989 2004
1911 1948 2059 1960 2001 2002
306 1961 1930 2027 2015 1784
1773 1981 1848 1870 1911 1855
1892 1560 1965 1797 1939 1613
1689 1907 1979 2013 2039 1847
1803 1606 1227 1404 2026 1866
1965 1277 4346 1811 1833 1837
1748 1953 1977 1919 1779 1880
1593 1846 1832 2069 2044 2019
1808 2019 1916 1988 1986 1964
1930 1896 2021 1972 1938 2009
2348 1427 1279 4249 1602 1939
1679 1674 2027 1846 1713 1920
1672 1703 1543 1868 1959 1756
1570 1666 1757 1768 1713 1570
1435 1749 1793 1706 1708 1573
1689 1575 1691 1517 4090 1824
878 1785 1853 1700 1605 1713
1754 48 1833 1756 1831 1733
1661 1820 1791 1150 1722 1739
1676 1496 1936 1986 1954 1969
1766 1979 1950 1853 1586
4515 1550 1669 1868 1736 1716
1931 1770 1624 1653 1872 1681
1513 1659 1750 1553 1647 1726
1770 1887 1556 1829 1695 1679
1704 1699 1731 1608 1787 1586
1224 4464 1623 1771 1761 1701
1587 1716 1990 1864 1810 1619
1939 2012 2005 2136 1937 1679
1339 1419 1840 1940 1974 1927
1484 2331 2710 2511 2541 2574
2372 2056 1758 2615 2532 2627
2389 2620 2589 2664 2617 2485
2543 2469 2688 2746 2364 2612
2560 2366 2667 2502 2586 2515
2581 1317 2543 2531 2530 2535
2670 2685 2090 2294 29 2450
2499 2500 2415 2605 2466 2500
2471 2056 2237 2408 1339 1928
1908 1769 1549 1558 1725 1702
1672 1628 1653 1675 1917 1830
1897 1671 1751 1738 645 325
1343 1767 2603 2498 2555 2389
2530 2498 2603 2605 2535 2301
2482 2597 2509 2512 2449 2555
2447 2615 2744 2324 2555 2427
2361 2575 2658 2535 2111 1481
4095 1822 1820 1492 1645 1903
1419 1664 1938 1915 1611 1652
1788 1792 1700 1706 1691 1908
2011 2042 2094 988 1985 1909
1457 2022 1846 2047 2060 1922
1530 4465 1677 1980 2013 2097
1899 1999 1927 1936 2021
1898 2008 2051 1929 2106 2019 2080
1581 1570 1993 2125 1504
1655 1525 1814 1831 1881 1768
1613 1647 1538 4354 1935 1668
1728 1518 1805 2010 1921 1413
1554 1598 1863 1876 1708 1906
1555 1430 1506 2601 2598 2699
2487 2586 2566 2606 2480 397
2466 2605 2736 2037 1842 2545
2601 2666 2667 2572 2637 2794
2514 2683 2515 2621 2609 2667
2544 2570 2561 2516 2595 2534
2316 2632 2622 2609 2531 2684
2390 2672 2424 2670 2244 2824
70 2617 2481 2609 2516 2574
2410 2623 2760 2530 2452 2493
2399 2723 2479 2698 2456 2597
1964 2520 2552 2661 2608 2645
2417 2534 2409 2834 2592 2605
1289 555 2500 2631 2581 2509
2483 2584 1921 1872 2080 1836
1791 1875 1835 1924 1827 1835
1815 1919 1977 1849 1940 1914
1873 1886 1983 2062 1930 2073
1787 1353 4535 2489 2457 2690
2564 2462 2636 2652 2640 2715
2463 1853 1499 1695 1901 1772
1642 1946 1823 1880 2124 1781
1699 1794 1803 2008 1559 1841
1815 1791 1307 4195 1776 1681
1584 1616 1805 1712 1667 1505
1658 1640 1863 1882 1738 1907
1738 238 1952 2044 1902 1961
1709 2106 1050 1735 1869 1653
1279 1928 2016 1319 4007
1732 2097 1707 1902 2085 1624
1541 1956 1913 2093 1989 1956
1938 1909 2022 1958 1893 2017
1960 1957 2064 1776 2584 2692
2599 2713 2525 2613 2647 2061
374 2758 2691 2581 2688 2580
2639 2631 2562 2591 2610 2480
2427 2545 2685 2641 2482 2626
2499 2593 2623 2651 2446 2603
2547 2726 2533 2533 2629 2533
2220 2412 2732 2648 2844 2631
2719 2689 2609 2728 2552 2582
2656 2516 2698 2629 2576 2541
2442 2633 2714 2538 2510 2630
2684 2651 2617 2695 2550 2689
2428 2246 3294 4063 2595 2604
2715 2631 2625 2688 2577 2594
2541 2672 1643 2634 2600 2555
2520 2442 2637 2578 2513 2666
2524 2567 2616 2428 2482 2503
2483 2521 2611 892 2145 2649
2648 2855 2588 2708 2713 2571
2680 2751 2662 2706 2546 2633
2671 2806 2798 2724 2722 2855
2545 2725 2810 2718 2852 2634
2381 2699 2567 2606 1966 574
2435 2628 2410 2673 2453 2578
2533 2775 2663 2851 2494 2685
2577 2322 2594 2698 2599 2631
2593 2596 2410 2455 2730 2628
2538 2615 2537 2722 2647 2144
892 2653 2683 2525 2746 2379
2576 2446 2579 2604 2775 2526
2655 2698 2790 1747 1644 1773
1681 1652 1855 1590 1839 1693
1762 1592 1767 1525 1897 1651
1383 1365 2527 1884 1622
1608 1418 2038 1549 1548 1786
1518 1272 1883 1620 1607 1789
1624 1946 1906 2609 2518 2470
2549 2718 2602 2715 2528 2631
2422 2646 2600 2617 1433 1965
2615 2569 2634 2547 2667 2655
1920 2543 2655 2595 2656 2611
2535 2585 2602 2587 2610 2580
2469 2610 2675 2639 2421 2618
2489 2750 2727 2644 2627 2167
433 2119 2745 2697 2540 2642
2525 2481 2613 2612 2579 2566
2372 2594 2574 2609 2541 2579
2281 2566 2645 2573 2773 2561
2646 2541 2472 2611 2551 2697
2162 2419 2624 2872 2580 2564
2421 2718 2762 2731 2880 2540
2771 2346 2664 1935 1946 1915
1406 1194 1430 1599 1775 1760
1558 1490 1885 1943 1858 1850
1793 1488 1644 2558 2360 2606
2488 2632 2714 2634 2626 2525
2465 2660 2465 2663 2805 2625
2227 1789 1752 1757 1986 1700
1320 1908 1700 1790 1647 65
1505 1609 1447 3738 1929 1807
1422 1698 1461 1611 1687 1771
1353 1544 1618 1764 1695 1895
1626 1794 1570 1944 1907 1834
1861 1870 1844 1897 1870 1809
1949 1950 2058 1921 487 883
1844 1904 1919 1837 2099 1962
1729 2070 2080 1942 2031 1944
1898 1950 2001 2043 1945 1749
1938 1924 1627 2036 1963 1803
1150 1647 1984 1778 1982 1497
4059 1637 1717 1907 1648
1615 1842 1636 1580 1749 1739
1427 1784 1994 1614 1823 1641
1809 1636 1884 1707 1737 1647
1728 1715 1568 1885 1785 1204
1797 1434 4175 1951 1924 1781
1791 1765 1897 1877 1922 1954
2205 2329 2397 2539 2473 2576
2458 2431 2560 2512 2614 2653
2088 2707 2669 2588 2790 2273
2575 2302 1894 424 2509 2410
2136 2389 1973 2520 2200 1821
2308 2543 2135 1842 1778 1732
1841 1649 1755 1898 2004 1868
1648 1878 1892 1252 1876 1799
1640 1701 1651 1552 905 1190
1771 2102 1782 1892 1907 2069
2726 2634 2640 2581 2561 2477
2373 2618 2766 2518 2505 2640
2400 2601 2582 2603 2554 2665
2394 2670 2582 2621 2064 2549
3571 2662 2552 2480 2673 2539
2611 2605 2531 2673 2622 2724
2538 2480 2677 2625 2421 2638
2636 2505 2632 2555 2519 2637
2469 2633 2464 2371 2613 2620
387 2124 2529 2520 2544 2431
2441 2527 2525 2520 2573 2491
2478 2453 2539 2582 2317 2521
1494 1878 1665 1499 2686 2545
2334 2637 2512 2703 2698 2464
2397 1769 532 1054 1717 1746
1507 1831 1715 1687 1615 1458
1442 1733 261 1565 1824 1878
1727 1551 1827 1652 1499 1501
1684 1761 1709 1834 1779 1720
1622 1877 1419 4545 1985
1516 1673 1942 1646 1620 1502
1540 1732 1772 1663 1662 1649
1444 1462 1461 1373 1634 1550
1642 1893 1773 1667 1904 1645
1582 1901 2037 1669 1467 4278
1551 1841 1669 1800 1679 1647
1684 1475 1812 1799 1642 1577
2206 2504 2266 2278 2602 2453
2463 2513 2627 2651 2484 2471
2557 2461 2617 2574 2324 2020
1635 2631 2592 2681 2594 2567
2333 2544 2576 2735 2508 2249
2533 2520 2628 2599 2558 2724
2548 2727 2708 2827 2681 2697
2599 2710 2651 2612 2576 2650
1929 2198 71 2289 2563 2681
2542 2581 2562 2623 2642 2732
2414 2602 2768 2633 2778 2710
2732 2723 2657 2731 2568 2562
2541 2397 2752 2715 2716 2756
2620 2385 1515 577 2582 2808
2550 2694 2809 2705 2797 2542
2565 2667 2550 2654 2574 2643
2491 2718 2714 2646 2579 2733
2605 2607 2794 2616 2634 2644
2577 2689 2703 2062 438 2782
2261 2595 2480 2582 2685 2721
2366 2665 2801 2637 2702 2725
2653 2647 2506 2601 2447 2660
2679 2735 2597 2667 2505 2657
2476 2614 2562 2573 2244 2210
2489 2707 2710 2622 2596 2463
2679 2725 2672 2740 2630 2616
2556 2493 2688 2531 2430 2765
2565 2669 2621 2559 2592 2533
2041 2699 2657 2621 2679 2217
2509 3991 2650 2752 2746
2564 2612 2667 2682 2744 2600
2538 2585 2575 2585 2623 2585
2538 2713 2646 2675 2626 2528
2702 1943 2602 2731 2658 2659
2590 2536 681 2242 1626 1543
1629 1670 1669 2120 2380 2404
2174 2659 2620 2473 2716 2487
2471 2607 2394 2454 2615 2423
2378 2695 2499 2606 2691 2685
2600 2677 2619 1359 1587 2559
2218 2485 2597 2433 2397 2469
2314 2389 2403 2281 2584 2626
2341 2583 2564 2399 2024 1670
1739 1848 2144 1799 1788 1814
1477 1956 1808 2007 1446 4338
1545 1987 1733 1795 1823 1284
1339 1523 2138 1846 1720 1886
1722 1842 1805 1794 1573 1702
1668 2057 1974 1883 2188 2055
1684 1915 1894 1999 2023 1332
3291 2048 1998 1908 1948 1993
2040 1941 2232 1911 2181 1850
1282 1726 1932 1795 1609 1424
1656 1980 1935 1943 2078 1970
2265 2453 2535 2790 2661 2584
1980 546 2588 2598 2551 2658
2720 2653 2747 2647 2681 2717
2656 2570 2672 2611 2663 2680
2409 2657 2570 2708 2575 2722
2530 2664 2535 2737 2625 2607
2643 2255 2125 2553 2908 2548
2573 2763 2493 2740 2420 2498
2575 2604 2719 2614 2627 2629
2564 2550 2684 2815 2716 2658
2526 2681 2553 2714 2621 2627
2721 2640 2205 2913 88 2427
2647 2503 2608 2564 2556 2560
2456 2569 2386 2522 2475 2448
2422 2631 2613 2617 2602 2564
2463 2698 2575 2570 2630 2511
2606 2557 2493 2501 1319
411 2632 2586 2606 2673 2680
2627 2617 2492 2693 2254 2443
2457 2545 2493 2565 2540 2453
2396 2598 2656 2416 2615 2437
2231 2601 2641 2365 2644 2528
1835 551 2527 2433 2523 2555
2648 2615 2549 2560 2500 2558
2519 2471 1079 2622 2481 2584
2512 2459 2669 2512 2654 2576
2546 2512 2684 2421 2626 2490
2512 2256 2206 2600 2694 2496
2387 2754 2676 2648 2605 2604
2561 2612 2655 2581 2509 2658
2468 2566 2610 2621 2561 2642
2554 2631 2574 2618 2671 2515
2529 2632 2184 3198 4237 2573
2470 2646 2582 2602 2684 2476
2552 2676 2713 2657 2556 2655
2560 2697 2737 2710 2522 2685
2436 2746 2586 2416 2536 2649
2451 2708 2559 2424 23 1768
1570 1638 1669 1862 1638 1687
1590 1550 1909 1870 1869 1592
1665 1658 1679 1573 1500 1642
1560 1743 1808 1655 1725 1613
1601 1754 1464 1625 1751 1060
4076 1769 1767 1528 1764 2530
2459 2469 1910 1538 1586 1692
1703 2504 2637 2606 2389 2499
2384 2565 2659 2424 2622 1679
1694 2032 1857 1953 1769 1333
1080 3172 1709 1606 1303 1200
1629 1605 1860 1790 1731 1800
1665 1463 1718 1740 1749 1875
1633 1655 1730 1681 1883 1758
1816 1906 2077 1598 1666 1677
1675 1592 4318 1896 1527
1755 1631 1748 1718 1687 1789
1819 1613 1679 1713 1874 1778
1648 1806 1702 1616 1764 1675
1448 1924 1408 1673 1834 1505
1284 1606 1699 1752 4025 1957
1528 1833 1778 1221 1878 1784
1726 1872 2019 1964 2081 1245
1176 2071 2061 1931 1716 2691
2276 2743 2620 2710 2607 2786
2639 2345 2657 2670 2022 526
2117 2677 2551 2488 2535 2556
2545 2586 2553 2664 2669 2698
2364 2678 2655 2609 1748 1791
1700 1686 1773 1901 2063 1951
1695 1703 1692 1763 1723 118
460 1807 1759 1781 1908 1910
1621 1666 1852 1468 1716 1965
1774 1750 1822 1709 1787 1594
1542 1857 1867 1945 2024 1919
1931 2072 1916 2000 1830 2028
1427 1233 2760 2038 1936 1985
1906 1163 1348 1972 1958 2021
1758 1921 1950 1890 2001 1998
1698 1800 1999 1923 1971 1954
1867 1973 2029 2072 2037 1894
1437 1588 1284 1955 2560 2704
2506 2763 2477 2849 2581 2616
2575 2589 2599 2560 2626 2578
2461 2692 2569 2736 2542 2658
2623 2747 2523 2643 2560 2485
2544 2548 2620 2110 435 2654
2607 2435 2672 2476 2660 2490
2594 2454 2748 2437 2636 2588
2481 2648 1822 1838 1737 1577
1559 1712 1893 1624 1779 1385
1688 1690 1778 1779 1475
243 1633 1847 1907 1755 1707
1683 1745 1644 1787 1722 1671
1554 1544 1711 1564 1902 1851
2397 2638 2594 2384 2641 2467
2464 2513 2715 2560 2068 2675
1922 2117 104 2290 2595 2524
2516 2609 2622 2563 2673 2018
1414 1575 1637 1758 1750 1781
1504 1610 1715 1664 1522 1693
1516 1743 1817 1700 1747 1627
1732 1854 424 420 1611 1968
1754 1752 1811 1883 1834 1274
1788 1489 1768 1972 1765 1750
1698 1944 1781 1775 1936 1596
1494 1506 1445 1618 2042 1749
1671 1734 1725 1434 3955 2343
2228 2757 2490 2816 2522 1732
1886 2217 1864 2023 1934 1940
1734 1934 2075 1991 1326 1940
1772 1956 1846 1927 1830 1833
1894 1984 1930 1965 1511 4373
1871 1977 1948 1924 1928 1741
1818 2165 2027 1505 1976 1592
1932 1670 4535 1210 1750 1839
1592 1570 1714 1709 1764 1876
1742 1801 1835 1812 1863 1031
4344 2041 2118 1878 1984 1853
1854 2060 1998 1917 1992 1966
1844 2020 1986 1992 1985 1987
1957 1892 1974 1984 1959 1917
1808 1929 2106 1972 1953
1257 1168 4630 1994 1942 1754
1784 1833 1705 1810 1992 2475
2413 2569 2582 2510 2486 2473
2112 2568 2581 2534 2622 2485
2504 2617 2556 2657 2508 2434
2462 2505 1612 484 2726 2650
2478 2535 2673 2607 2630 2561
2548 2560 2729 2600 2830 2760
2474 2743 2748 2649 2769 2583
1608 1943 1886 1873 1720 1741
1614 1623 1690 1216 171 1492
1717 1815 2094 1817 1938 1977
1918 1895 1938 1810 1940 2055
1816 1470 1797 1619 1919 1737
1923 1590 1758 1698 1731 1694
1697 1743 1872 1822 1374 1393
1495 1557 1724 1689 1725 1690
1754 1818 1520 1696 1823 1738
1592 2088 2164 1923 2029 2091
1886 1079 1789 2047 2064 2057
2056 1893 2098 2077 1674 16
2989 1462 1722 1669 1754 1573
1637 1740 1631 1553 1699 1546
1615 2013 1687 1581 1768 1623
1628 1512 1538 1494 1646 1400
1638 1600 1613 1977 1731 1670
4033 4220 1612 1598 1785 1586
1543 1869 1706 1591 1648 1808
1533 1585 1656 1735 1763 1752
1681 1942 1629 1792 1685 1713
1606 1849 1685 1579 1620 1638
1542 47 2331 1471 2205 2534
2666 2471 2578 2644 2564 2387
2487 2530 2535 2646 2553 2550
2558 2581 2547 2608 2558 2782
2352 2614 2558 2615 2537 2620
2566 2368 1731 383 2499 1826
2341 2553 2509 2414 2661 2615
2410 2686 2507 2562 2631 2531
2350 2721 2443 2488 2582 2540
2346 1999 1666 1591 1525 1777
1712 1722 1959 1541 4646
1553 1714 1702 1639 1740 1630
1631 1765 1581 1894 1644 1199
1830 1811 2091 1870 1917 1898
1800 1837 1506 1952 2056 1886
1588 1400 1882 1869 1890 1483
4411 2092 1913 1919 1904 1955
1749 1790 1495 2038 2564 2620
2489 2483 2514 2599 2423 2695
2492 2666 2626 2572 2646 2698
2334 2718 2771 2756 2759 2705
2104 1802 2674 2583 2561 2711
2551 2718 2607 2693 2584 2705
2616 2616 2595 2545 2612 2612
2522 2469 2509 1800 1842 1735
1794 1762 1849 1852 1344 1910
1912 1349 1324 2317 1544 2125
1899 1900 1336 1953 1785 1472
1729 1874 1852 2658 2548 2497
2587 2583 2577 2409 2592 2631
2496 2473 2653 1389 779 2008
1203 1925 1457 1787 936 533
1639 1887 1808 1769 1779 1268
1779 1908 1868 1966 1797 1452
1840 1554 1886 1948 1913 2004
1835 1872 1622 1939 1919 2095
1826 1306 1487 1936 1169 1244
4417 1492 1916 1857 1899
1698 1869 1951 1831 1914 1980
1701 1438 1916 1865 2024 1799
1636 1826 1842 1689 1852 1625
1794 1913 1858 1868 1989 1989
1480 1516 4043 1886 1933 1764
1865 1819 2509 2548 2470 2460
2193 2558 2655 2603 2711 2505
2411 2595 2418 2677 2568 2596
2473 2486 2573 2635 2651 2623
2587 2546 2091 574 1456 1894
1867 2016 2100 2092 1957 1862
1925 2108 2065 1969 2081 2032
1859 2013 1977 229 1423 1304
2055 1960 1984 1937 1959 1898
1874 1858 1738 1694 1892 3535
1850 2027 1920 1956 1950 2065
1850 2034 2135 1963 1934 1935
1930 1979 2068 1794 1791 1771
1734 1933 2103 1874 1912 1985
1808 1394 1361 1955 1943 486
2114 1841 2072 2117 1958 2006
1892 2016 2007 1935 1887 1939
1887 1908 1943 1951 1919 1970
1835 1904 1961 2010 1967 1827
1537 1255 1924 1942 1823 1923
1319 4300 1946 1783 1865 1762
1550 1976 1881 1993 2040 1902
1941 1859 1903 1956 1858 1912
1864 1866 1831 1863 2068 1741
1842 1776 1880 1826 1963 1769
1696 1403 4295 1688 1957 1609
1842 1629 1925 1882 1903 1759
1776 1454 1558 1365 1451 1896
1733 1878 1984 1963 1493 2006
2629 2723 2558 1636 1870 2050
1510 2048 1674 4265 1979
1986 2448 2712 2724 2419 2380
2530 2594 2636 2093 2644 2588
2666 2741 2773 2796 2495 2737
2437 2602 2581 2597 2543 2602
2525 2597 2633 2717 2071 562
2385 2532 2605 2545 2563 2496
2477 2564 2656 2563 2654 2455
1982 2539 2542 2650 2586 2439
2121 2648 2604 2446 2465 2654
2499 2672 2490 2488 2584 2093
2753 2712 2560 2660 2586 2618
2499 2581 2306 2574 2499 2531
2279 2581 2518 2665 2613 2562
2660 2654 2539 2532 2756 2648
2422 2580 2645 2476 2613 2464
2049 2481 2844 2539 2601 2668
2527 2606 2560 2604 2646 2455
2618 2445 2662 2539 2520 2526
2537 2625 2656 2547 2528 2830
2512 2580 2868 2498 2717 2643
2360 2518 1627 631 2713 2542
1132 2545 2484 2561 2519 2358
2558 1880 1668 1652 1726 1939
1276 1968 1684 1650 1929 1991
1537 1721 1747 1898 1829 1904
1583 1862 1839 1367 4403 1856
1887 1910 1785 1943 1817 1689
1700 1911 1714 1869 1739 1591
1253 1867 1553 1721 1512 1874
1717 1851 1887 1928 2013 1920
1719 1540 1996 1868 1118 3332
1123 1305 1532 1919 1967 1866
1740 2017 1903 1933 1869 1916
1419 1878 1904 1901 1907 1835
1792 1589 1884 1854 1872 1914
1758 1538 1869 1871 1843 1617
4237 1805 1834 1805 1866
1223 1813 1863 1733 1814 1261
1145 1306 1858 1794 1951 1636
1770 1789 1991 1751 1935 1776
1832 1615 1962 1786 1779 1695
1794 1478 4473 1941 1863 1888
1794 1896 1829 2005 1843 1972
1737 1695 1923 2013 1743 1899
1709 1372 1417 1887 1904 1928
1690 1397 1910 2047 1755 1862
1828 2114 1615 22 1506 1880
1821 1897 1795 1971 1874 1689
1530 1912 1766 1600 1713 1783
1287 1629 1841 1348 1658 1652
1637 1938 1866 1385 1620 1788
1918 1893 1724 1333 1577 1830
1853 1790 1814 1727 1899 1876
1683 1685 1699 1475 1845 1914
1312 1656 1128 1838 1703 1645
1450 1858 1847 1889 1809 1785
1794 1845 1878 1965 1370 4268
1828 2315 2675 2562 2482 2544
2406 2505 2478 2375 2496 2498
1901 2514 2407 2355 2503 2418
2422 2450 2679 2428 2571 2349
2552 2410 2488 2558 2608 813
2962 2369 2812 2635 2479 2623
2286 2625 2618 2474 2630 2612
2119 2552 2608 2579 2544 2528
2561 2619 2503 2573 2502 2496
2609 2585 2679 2658 2592 2505
1775 401 2580 2564 2464 2548
2465 2484 2520 2316 2557 2524
1962 2067 1995 1670 1929 1889
1723 1642 1887 2015 1415 1901
1835 1858 1904 1987 1872 1995
1711 1419 4508 1856 1854
1875 1843 1935 1831 1863 1973
1855 1857 1962 1952 1895 2056
1831 1854 1709 1881 1982 1849
1387 1813 1732 1852 1997 2336
2453 2572 2506 2206 651 2422
2480 2621 2309 2589 2616 2477
2441 2585 2490 2574 2665 2574
2430 2665 2629 2481 2679 2621
2017 2650 2457 2474 2662 2502
2487 2620 2718 2632 2293 2807
68 2519 2766 2673 2714 2587
2374 2643 2725 2571 2678 2655
2401 2757 2634 2562 2577 2726
2559 2611 2636 2603 2784 2680
2630 2680 2863 2754 2828 2464
1381 294 2514 2756 2661 2613
2543 2615 2665 2531 2528 2591
2247 2726 2680 2692 2589 2487
2477 2683 2620 2662 2646 2612
2429 2458 2464 2724 2599 2643
2509 2171 546 2586 2564 2620
2431 2569 2618 2627 2560 2650
2636 2531 2696 2845 2614 2590
2334 2563 2506 2624 2585 2575
2486 2667 2477 2682 2673 2695
2371 2749 2170 2186 2446 2590
2562 2548 2714 2683 2439 2593
2353 1921 1533 1755 2175 2069
1846 2041 2020 2041 2138 1918
1824 1978 2027 1997 1833 1923
1907 1915 2023 1151 1887 2989
1852 1981 1949 1644 1891 1997
1863 1899 1944 1923 2012 1923
1699 1770 1786 1767 1872 1783
1737 1788 1921 1928 1944 1963
1815 1772 1949 2062 1949 788
741 1853 2021 1818 1872 1846
1942 1836 1677 1978 1915 2055
1756 2001 1958 2054 2082 2129
1747 1916 1524 1808 1031 1826
1620 1852 1624 1717 1970 1518
1300 4268 1487 2010 1865 1955
1826 1852 1873 1942 1918 1919
1697 2026 1918 1894 1821 1919
1801 1822 1501 1293 1674 1584
1601 1682 1657 1785 1724 1652
1758 1250 4178 1909 1700
1649 1816 1868 1707 1908 1841
1623 1671 1685 1580 1605 1557
1683 1789 1796 1769 1739 1924
1395 1656 1710 1729 1789 1727
1684 2029 1924 1434 4430 1811
1909 1967 1705 1789 1645 1770
1533 1994 1134 1687 1745 1764
1659 1782 1765 1931 1618 1935
1805 1962 1738 1901 1949 1879
1730 1731 1756 1941 1673 4576
1728 1898 1895 1820 1875 1958
1758 1742 2372 2600 2598 2449
2445 2691 2482 2594 2548 2509
2647 2601 2664 2572 2565 2638
2609 2594 2683 2726 2589 2202
2126 2626 2652 2562 2566 2653
2372 2502 2674 2684 2517 2740
2690 2520 2592 2582 2627 2451
2498 2688 2630 2704 2538 2780
2640 2581 2511 2672 2694 2642
1992 3076 274 2571 2564 2687
2405 2753 2710 2758 2691 2644
2525 2755 2524 2607 2580 2648
2461 2586 2594 2681 2666 2730
2399 2798 2632 2518 2578 2529
2422 2655 1396 1947 2649 2492
2584 2648 2773 2711 2684 2492
2593 2677 2589 2590 2647 2491
2690 2641 2763 2401 2770 2755
2666 2689 2740 2620 2614 2595
2437 2635 2579 2173 553 2500
2464 2543 2661 2414 2563 2622
2195 2721 2620 2589 2488 2570
2829 2676 2735 2609 2504 2560
2708 2848 951 2796 2731 2533
2656 2735 2610 2549 2358
2348 2783 2734 2641 2678 2713 2665
2586 2569 2649 2677 2592 2729
2660 2637 2762 2741 2623
1312 1607 1605 1848 1652 1724
649 2235 2622 2532 2658 2574 1922
2541 4693 2541 2410 2606
2047 2693 2725 2620 2648 1641
1848 1965 2070 1996 2061 1677
1604 2045 1702 1696 1758 1777
1871 1852 1971 1843 1684 1564
1844 1771 173 1597 1861 2149
1671 2005 1842 1894 1407 1917
1700 1487 1338 1928 2594 2301
2627 2499 2437 2578 2474 2662
2630 2569 2726 2619 2444 2637
2490 2747 2621 1950 546 2584
2491 2634 2614 2738 2645 2760
2447 2618 2456 2559 1806 1649
1567 1867 1825 1664 1785 1798
1729 1592 1952 2097 1660 1745
1777 1857 1567 1703 1155 4067
1970 1559 1827 1843 1737 1640
1864 1982 1258 1294 1827 2034
1743 1844 1424 1843 1996 1659
1439 1868 1701 1605 1500 1851
1699 1590 1651 1743 1682 1244
387 1538 1336 1645 1623 1623
1406 1153 1675 1541 1197 1100
1889 1710 1745 1629 2515 2502
2652 2641 2780 2714 2672 2755
2577 2451 2740 2627 1848 1364
1321 1482 3712 1448 2067 1598
1355 1114 1437 1920 1353 1828
2067 1854 1978 1837 2181 1837
2014 1888 1847 1688 1816 1713
1711 1578 1497 1839 1804 1763
1652 2603 939 795 1914 1846
1765 2037 1980 2057 1917 1705
1751 2135 1931 1930 1850 1887
1832 1908 1895 1950 2009 1976
1749 2067 1976 1898 1857 2035
1829 1950 2071 1419 4556
1820 1756 2009 1248 1614 1173
476 1867 1654 2018 1896 1839
1556 1397 1687 1533 1659 1704
1689 1802 1907 1878 1858 1639
1528 2080 2009 1813 1656 1195
4107 1737 2040 1844 1976 1896
1507 1823 1776 1612 1638 1722
1635 1820 1760 1718 1935 1907
1761 1914 1732 1555 1795 1556
1305 1178 1782 1765 1867 1583
1272 4040 1548 1529 1970 1805
1597 1845 1850 2143 1870 1952
1657 1731 1682 1577 1739 1696
1677 1787 1916 1706 1360 1529
1589 1662 1620 2011 1823 1644
1763 1387 4310 1717 1699 1107
1584 1802 1892 1662 1838 1570
1788 1628 1500 1966 1628 1790
1441 1720 1036 1178 1940 1881
1748 1671 1441 2673 2361 2453
2419 2724 2104 680 2651 2525
2678 2625 2778 2588 2513 2541
2483 2625 2572 2723 2658 2499
2561 2696 2735 2584 2576 2511
2501 2639 2630 2531 2761 2450
2494 2604 2585 2207 3066 430
2580 2650 2517 2701 2631 2603
2551 2590 2612 2607 2606 2432
2380 2578 2672 2582 2500 2641
2397 2731 2677 2617 2686 2525
2421 2684 2539 2592 2651 1344
1547 2702 2551 2728 2685 2570
2726 2740 2853 2601 2499 2695
2580 2681 2755 2632 2657 2589
2573 2683 2529 2552 2709 2464
2649 2538 2609 2632 2662 2468
2065 331 2548 2642 2585
2403 2675 2616 2712 2646 2548
2549 2474 2566 2739 2640 2603
2689 2583 2740 2665 2717 2653
2538 2724 2693 2478 2692 2616
2535 2607 1925 1883 2751 2641
2319 2667 2574 2578 2728 2620
2558 2616 2398 2585 2609 2674
2571 2594 2714 2659 2752 2708
2385 2609 2752 338 2674 2696
2368 2721 2658 2257 3229 3959
2414 2715 2616 2537 2754 2668
2403 2693 2602 2721 2624 2750
2504 2734 2648 2646 2435 2809
2494 2694 2750 2684 2602 2644
2510 2647 2670 2637 2679 971
1864 2626 2401 2739 2465 2521
2638 2654 2538 2725 2672 2650
2616 2496 2770 2693 2618 2715
2471 2703 2666 2664 2703 2724
2392 2098 2529 2544 2605 2670
1766 559 2516 2469 2651 2533
2545 2656 2494 2795 2689 2780
2611 2614 2498 2562 2396 2602
2560 2582 2721 2379 2616 2588
2312 2533 2649 2550 2616 2466
2687 2054 456 2427 2630 2616
2415 1956 2521 2586 2571 2500
2529 2620 2601 2581 2618 2698
2501 2503 2680 2564 2611 2556
2549 2603 2671 2568 2666 2517
2463 2583 2230 2696 3430 3733
2576 2498 2605 2728 2626 2470
2432 2636 2708 2501 2575 2357
2645 2442 2630 2582 1906 1756
1907 1737 2006 1983 2083 1884
1650 1834 2020 1949 1812
3780 3069 2061 2030 1600 2081
1847 1984 1893 2133 1916 2164
1768 1970 2051 2129 2118 2097
1997 1446 1666 1928 1878 2014
1673 1848 1543 1711 2046 1870
1829 353 1921 1721 1591 1889
1331 1951 1821 2038 1605 1743
1143 2082 1625 1720 1643 1717
1908 1868 1972 1943 1734 1794
1606 1800 1760 1719 1556 1783
1986 2229 1782 706 2657 2638
2553 2636 2816 2705 2672 2787
2525 2627 2546 2511 2571 2665
2531 2692 2703 2548 2570 2577
2569 2514 2596 2637 2582 2518
2524 2530 2717 2189 1834 2623
2461 2625 2779 2724 2607 2785
1368 2766 2691 2765 2772 2736
2375 2745 2496 2606 2555 2419
2415 2682 2463 2603 2561 2701
2650 2649 2719 2645 1968 2611
2325 2621 2505 2691 1813 2679
2526 2473 2570 2210 2582 2446
2490 2081 2635 2363 2639 2554
2480 2838 2302 2571 2652 2566
2489 2661 2530 2625 2605 2142
1470 3425 2642 2608 2597 2749
2415 1951 1693 1744 1806 1880
1384 2052 1348 1515 1840 1755
1580 1651 1796 1642 1725 2014
1421 1927 2008 1949 1783 1487
1659 592 546 1827 1954 1697
1666 1791 2016 2015 2064 1875
1616 1931 1813 1895 1821 1829
1229 1882 1784 1911 1786 1824
1759 2218 1753 2035 1849 1882
1952 1786 1606 4123 2376
2530 2642 2377 2496 2616 2331
2437 2474 2637 2662 2676 2492
2624 2562 2728 2611 2519 2194
2421 2550 2606 2515 2732 2604
2463 2553 2614 2559 2203 233
2237 2521 2503 2556 2590 2447
2485 994 1802 1806 1847 1635
1850 1894 1939 2003 2085 1840
1634 2028 2229 1782 1951 1759
1612 1733 1871 1832 1776 1426
764 1983 1722 1709 1900 1918
1749 1930 1928 2037 1695 1639
1695 2022 1582 2084 1974 2130
1830 2036 2008 1889 1927 2015
1942 2006 1847 1965 2156 2029
1477 1154 4206 2009 2168 1995
2375 2719 2405 2549 2558 2620
2572 2636 2505 2589 2579 2630
2570 2426 2692 2667 2587 2726
2474 2649 2683 2636 2735 2665
2436 2593 319 3378 2662 2553
2536 2590 2440 2554 2574 2424
2612 2570 2470 2533 2559 2628
2507 2531 2494 2576 2486 2589
2379 2563 2819 1101 2672 2564
2360 2730 2576 1635 328 2566
2422 2535 2439 2558 2599 2297
2497 2609 2696 2629 2525 2375
2592 2267 2535 2497 2462 2615
2174 2628 2634 2596 2581 2427
2460 2526 2551 2359 2092 495
2215 2596 2437 2572 1879 1893
1852 2011 1950 2094 1929 2023
1935 1523 1993 1963 1905 1957
1949 1813 1927 1906 1458 1893
1984 2019 1958 1962 2081 1664
914 1298 1848 1341 1766
1881 2151 1802 1830 1993 1836
1839 1892 1897 2003 1970 2103
1775 1705 1799 2056 1843 1732
1892 1688 1906 1725 1930 1827
1875 1618 1757 4269 1270 2538
2537 2663 2611 2692 2708 2642
2688 2741 2702 2574 2644 2553
2658 2592 2562 2663 2727 2536
2671 2689 2693 2723 2775 2627
2661 2727 2844 444 3207 2715
2512 2644 2651 2665 2238 2728
2526 2704 2742 2722 2797 2717
2424 2652 2448 1576 1676 1654
1265 1850 1688 1765 1623 1939
1716 1860 1953 1634 110 379
1673 2002 1997 1889 1997 1778
1658 1637 1746 1682 2044 1977
2004 1903 1903 1969 1825 1959
1824 1708 1792 1542 1658 1855
1798 1937 1689 1474 2173 1489
4315 1665 1905 1628 1595 1818
1643 1812 1667 1568 1672 1681
1059 1723 1713 1666 1463 1669
1577 1554 1654 1786 1677 1717
1638 1815 1658 1647 1798 1842
564 4116 1687 2024 1802 2124
1926 1842 1923 1910 2003 1941
1863 2010 2134 2008 2024 1822
1892 2062 2038 2061 2029 1780
1952 2121 1889 2018 2000 1775
510 1583 4206 1799 1878
902 1317 1602 1713 1688 1533
1854 76 1899 1869 1976 1942
1784 1950 2130 2003 1876 2106
1796 1946 1941 1833 1895 1844
1660 1780 1809 1653 4323 1903
1859 1628 1884 2098 1976 1969
1668 1540 2016 2033 2025 2047
1643 1762 2013 1991 2003 2017
1812 1872 1978 1992 1913 1980
1817 1962 1982 2011 1604 4439
1197 1845 1780 1841 1095 1900
1793 934 1318 1506 2012 1823
1633 1895 1871 1632 1899 1316
2432 1417 1807 1579 1900 2050
1622 1903 2042 1696 1142 1192
4070 1758 1980 1997 1962 2050
1865 2117 1865 1863 1997 2145
1877 1829 2471 2638 2614 2364
2464 2538 2636 2617 2517 1726
2453 2600 2567 2780 2748 2755
1916 580 2701 2668 2653 2565
2478 2622 2610 2602 2664 1479
2246 2651 2277 2624 2473 2600
2578 2627 2587 2629 2520 2674
2605 2779 2659 2714 2460 2569
2352 2136 2834 2533 2632 2582
2358 2647 2656 2668 2697 2453
2496 2597 2331 2492 2574 2538
2437 2556 2361 2539 2472 2606
2467 2627 2783 2606 2611 2624
2427 2567 2259 2857 4279
2624 2609 2507 2624 2547 2568
2662 2694 2635 2731 2132 2719
2715 2476 2722 2520 2801 2668
2520 2773 2539 2680 2628 2529
2500 1945 1797 2097 1964 93
1743 1947 1703 1624 1939 2049
1580 1871 1831 1810 1683 1658
1558 2044 1835 1425 1790 2000
1690 1888 1966 2057 1941 2036
1745 1827 1854 2034 2005 1997
1165 4102 1891 1969 2061 1366
1624 1890 1965 2055 2058 1980
1613 1305 1465 1965 2013 2018
1835 2005 1979 1977 1862 1806
1752 1738 1711 1916 1649 1883
1791 1245 4443 1705 1858 1803
1807 1269 1868 2098 1849 2112
1819 1385 1741 1942 1828 2065
1904 1741 1977 1884 1966 1885
1653 1943 1865 1828 1902 1643
1609 1810 978 4489 2525 2526
2259 2548 2700 2555 2615 2407
2474 2455 2533 2624 2348 2540
2179 2488 2547 2535 2457 2562
2425 2530 1893 1793 1309 1800
1764 1996 1731 1311 4106
1618 1761 1834 1823 2016 1928
1675 1894 1896 1838 1920 1508
1479 1538 1211 1237 2042 1748
1499 487 2457 2640 2500 2701 2615
2583 2609 2759 2601 2034
373 2427 2568 2502 2670 2572
2440 2592 2638 2549 2591 2628
2495 2706 2546 2744 2594 2406
2536 2456 2489 2679 2556 2481
2363 2551 2622 2544 2542 2592
2021 2409 2530 2558 2596 2533
2205 2581 2643 2573 2590 2516
2570 2560 1729 2633 2580 2554
2585 2553 2682 2715 2464 2726
2642 2537 2789 2551 2625 2537
2544 2244 3381 4111 2668 2521
2449 2710 2646 2670 2637 2522
2191 2424 2603 2629 2561 2746
2668 2763 2610 2702 2615 2596
2634 2763 2728 2816 2507 2718
2537 2752 2657 1120 1858 2517
2694 2566 2618 2550 2781 2650
2699 2641 2126 2569 2762 2605
2535 2612 2641 2681 2665 2539
2605 2684 2687 2590 2554 2646
1936 1868 1993 1944 957 3996
1256 1532 1730 1017 1180 1767
1941 1934 1897 1343 1820 1441
2398 2762 2568 2847 2713 2551
2612 2567 2577 2685 2462 2699
2549 2579 2721 2811 2532 1563
504 2516 2760 2675 2674 2751
2536 2738 2862 2687 2555 2843
637 2806 2654 2636 2729 2608
2320 2695 2745 2719 2664 2584
2667 2655 2644 2725 2668 2729
2078 468 2680 2675 2385 2602
2564 2612 2663 2412 2491 2569
2446 2647 2642 2701 2676 2548
2567 2565 2661 2689 2728 2622
2591 2559 2693 2679 2737 2638
2547 2154 2046 2579 2589
2452 1867 2589 2708 2525 2648
2474 2713 2732 2581 2632 2518
2436 2740 2704 2565 2661 2488
2478 2487 2494 2473 2698 2793
2563 2718 2718 2202 3059 114
2353 1822 2349 2772 2579 2791
2439 2522 2721 2252 2516 2602
2342 2731 2650 2473 2739 2486
2389 2638 2774 2494 2686 2331
2527 2699 2722 2584 1411 123
694 1642 1535 2009 2117 1964
1426 1491 2487 2620 2678 2635
2378 2717 2741 2622 2671 2568
2476 2538 1974 2585 2644 2542
2459 2791 2580 2635 2667 2654
2144 501 2666 2604 2631 2250
2521 2528 2746 2765 2575 2711
2353 2694 2750 2392 2493 2596
2528 2462 2581 2662 2574 2635
2415 2528 2553 2584 2476 2703
2580 2125 1949 4407 2727 2504
2404 2560 2710 2510 2566 2694
2484 2515 2504 2433 2675 2593
1196 1964 1834 2106 1848 1349
1477 2063 1953 1623 1542 1641
1899 2048 1388 768 1710 2088
1966 1948 1664 1998 1852 1582
1844 1526 1335 2036 2143 2168
1450 1959 2055 2026 2051 2058
1890 1777 2040 2160 2001 1861
1892 1883 1954 1763 2618 3003
2031 1858 1932 1978 1976 1290
1917 1847 1603 1954 1869 1896
1949 2073 2005 1940 2051 1897
1796 2001 1911 2001 2017 1987
1849 1842 2031 174 1991 673
557 1906 1907 1847 1844 2078
2037 1725 1999 2035 1663 1970
1725 1904 2918 2954 2707 2623
2517 2707 2489 2699 2628 2557
2688 1826 1847 1997 1727 1855
1280 4404 1858 1773 1639
1972 1900 2082 1853 1951 1842
2068 1914 2065 1915 2011 2018
1970 2030 2111 2022 1972 1843
2096 1908 1845 2061 2061 1905
1685 1775 1407 4638 2079 2000
1700 2014 2199 1863 2043 1819
1970 1833 2001 1704 1884 1662
1845 2006 1838 1929 2088 1439
2009 1880 1892 1797 1924 1931
1798 1941 1898 1301 4278 2062
1777 1969 1836 1831 1696 1942
1768 1943 1789 1886 1914 1997
2542 2745 2609 2702 2616 2660
2584 2583 2793 2515 2567 2642
2455 2655 2554 2613 1926 577
2439 2553 2549 2518 2458 2539
2460 2592 2669 2551 2552 2574
2497 2594 2537 2633 2625 2533
2542 2540 2560 2486 2677 2655
2370 2454 2588 1894 2536 2159
2749 4060 2578 2427 2633 2565
2477 2645 2696 2619 2718 2950
2517 2716 2548 2607 2662 2534
2563 2723 2565 2696 2556 2708
2556 2428 2519 2580 2523 2474
1923 702 3619 2601 2810 2631
2395 2642 2773 2565 2636 2745
2653 2691 2679 2649 2619 2585
2487 2461 2628 2619 2637 2487
2240 1346 2039 2063 1770 1956
1765 1892 581 757 2354
2520 2644 2693 2753 2790 2749
2620 2667 2524 2791 2653 2620
2526 2594 2664 2385 2687 2603
2573 2560 2606 2565 2665 2459
2571 2658 2545 2806 2056 747
1859 1858 1767 1967 1836 2617
2545 2624 2834 2754 2700 2591
2662 419 2693 2618 1630 1250
1639 1882 1958 1883 1781 1856
1702 1783 1912 2098 1793 1344
531 1876 1650 1853 1273 1992
1721 1875 1995 1990 2032 1950
1730 2100 1840 1913 1880 1739
1601 1542 1847 2049 2070 1639
1878 1895 1809 1184 1282 1118
1393 2276 2031 1498 1935 1720
1710 1807 1229 2022 1989 1970
1486 1911 1921 2119 1980 2012
1843 2032 2009 1990 1973 2030
1915 2007 1773 1936 1980 1444
1944 1489 3556 1944 1464 2087
1436 2005 1966 1995 1938 2119
1731 1995 1936 1985 1937 1903
1755 1818 1835 2019 1921 1755
1846 1981 2039 2023 1968 2022
1812 1768 339 2381 1958 2001
1834 1986 2141 1984 2098 1979
1974 1977 2014 1940 2092 1700
1822 1976 2047 2028 2080 2034
1997 2021 2014 2051 1822 2049
1744 1962 1915 1150 4564 2079
2044 2203 2119 2199 1985 2045
1918 1686 2077 2072 1968 1665
1753 1729 2024 2060 1993 1972
1944 2050 1995 2187 1980 2079
2027 1958 2128 1980 674 4017
2018 1969 2044 1965 1549 1372
1867 1957 2069 2093 2100 2036
1956 2053 2063 1369 1658 1774
1973 2067 2028 1509 1999 1904
1988 2024 1865 1791 2049 526
3621 1968 1657 1797 1994
1910 1937 2114 2131 2169 1914
1993 1773 1918 1310 2088 1827
1768 1554 1790 1577 1717 2019
1936 1833 1920 2005 2048 1460
1457 1225 4325 1978 1986 1922
1978 2070 1963 1891 2041 2118
1675 1461 1517 1461 1705 2001
1847 1900 1802 1563 1824 1960
1892 1814 1673 1953 1698 1874
949 664 1317 4285 1069 1906
1814 2072 2006 1930 2108 1961
1626 2113 1946 1842 2054 1841
1974 1883 1932 1959 1964 1920
2004 2071 2034 1931 1933 1895
1785 2035 2011 579 119 1772
2497 2739 2728 2536 2757 2663
2601 2529 2797 2527 2619 2679
2606 2672 2630 2693 2611 2820
2730 2628 2716 2656 2562 2654
2583 2780 2652 2501 2209 1999
2374 2552 2439 2647 2640 2630
2660 2665 2583 2755 2617 2697
2509 2659 2561 2793 2563 2617
2607 2632 2626 2478 2655 2589
2547 2653 2686 2631 2812 2308
3182 4061 2744 2674 2486 2535
2523 2697 2562 2500 2690 2458
2566 2624 2546 2613 2537 2738
2488 2614 2623 2591 2480 2672
2551 2681 2620 2580 2561 2515
2519 1127 1954 1700 2701
2417 2595 2650 2638 2556 2795
2358 2613 2712 2701 2776 2645
2564 2586 2606 2609 2486 2642
2675 2683 2702 2584 2569 2546
2557 2567 2734 1851 448 2596
2606 2482 2607 2684 2612 2498
2464 2614 2612 2635 2626 2536
2507 2479 2574 2264 2733 2408
2797 2645 2583 2686 2717 2826
2739 2439 2711 2429 2235 1268
2595 2566 2753 2667 2605 2648
2401 2696 2639 2578 2649 2613
2527 2575 2601 2705 2653 2650
2648 2667 2695 2772 2491 2741
1551 1677 2028 1881 2114 1461
1549 1780 1762 1880 1824 1915
1504 2032 1732 2045 1853 2023
1251 1362 1728 2004 1997 1887
1762 1969 1848 1915 1972 1746
404 1627 1995 1794 1715 1570
953 1340 2280 1824 1724 1756
1627 1705 1901 4434 2731 2839
2592 2675 2463 2583 2717 2625
2383 1655 2721 2519 2483 123
1337 1819 1828 1767 1940 1529
1924 1456 1336 1379 545 709
646 1850 1968 2038 1380 1766
1941 1053 41 1832 1747
