4502 3568 2936 5516 11284
1775 12070 2717 3045
4274 5072 709 2139 5183
2904 11274 7014 2034 2430
2972 2760 8012 2258 4180 3614
3572 4337 442 5191 4449
4335 9335 22 1437 1654 6595
1334 1709 1609 1875 2018 1820
1364 1023 1741 22107 1999 6808
1832 6674 1335 5540 2729
1707 2230 1758 1982 1937 1356
21734 2042 1909 2118 1729 1756
1886 6917 1917 1830 11691
6883 1963 6617 6975 2068 1519
6804 1721 11318 1845 1905 1014
2970 1697 2068 11776 1926
6888 1316 1782 1811 1971 2173
6532 6230 1868 1809 6976 7042
6655 1383 1375 11924 1832 6883
1863 1766 1828 1863 7128
1428 3659 1688 1558 1243 1957
6559 6746 1954 1744 1992 1726
1944 1772 1832 1764 1903 1514
6610 1943 1861 17047 7158 1832
1546 6255 1883 1826 1799 1827
1350 6895 2168 1715 2025
6660 6863 1790 1659 1884 1774
1676 1759 1734 6859 6961 1777
1709 6904 1915 1767 26770
1952 1833 16991 2204 1765 7009
1871 1458 2733 1638 6999 6763
1605 1796 1726 6937 1924 1545
1734 1697 1988 2032 1387 2129
1808 1720 7734 2726 2337
2711 2313 2772 2172 2601 2463
2433 2451 6026 1878 7563 2381
7419 12955 2309 2470 2371 2501
2210 7681 2801 7567 7433 2485
7800 2158 2549 2326 7538
2498 7524 2523 2496 7715 2473
7413 2483 2410 133 19936 7686
1842 1426 1724 2061 1829 2028
1717 6833 2086 6410 6553
6808 1919 7139 1778 1930 1953
1634 2013 1981 1789 1807 6279
1308 11718 1715 1954 3503 1939
6891 6537 1993 1832 1947
6634 2235 1565 1860 1960 2036
1941 1877 2128 1942 1990 2040
1778 7063 17146 12149 2200 1908
1703 1883 2574 2471 2322 10075
2409 2658 2625 2523 2671 2591
8047 2368 2359 2665 7532
12747 2736 2288 2173 17647 2660
2869 2398 2685 2241 2518 2354
2313 2364 2370 2525 2535 1862
251 2341 2513 2403 7566 2732
12560 2460 7573 2387 2903
2147 2527 7799 2620 2228 2469
7648 2425 2442 2549 2494 2704
12538 2599 2506 2462 2409 2738
1787 4886 2580 2318 2532 7690
12452 2627 12769 2469 2496
2251 2821 2316 7811 2058 2500
2384 2578 2575 2445 7784 2643
7418 2594 2491 2982 7400 2552
2346 9303 8212 2440 2569 12867
7575 7795 2536 2755 12904
2606 1948 1692 1944 1768 6917
6769 6861 6573 1777 21912
1915 16750 11651 1980 6898 1378
1689 6944 2077 6987 1932
1650 1891 1809 1768 12045 1763
1694 1806 6768 1841 1898 1673
1596 2043 1778 1797 7219 2345
2281 2624 12973 7766 2479 2480
7759 2558 2029 2229 4057
2336 2636 2447 2698 2607 2467
1408 2584 7670 2670 8071 2249
7441 7753 2490 2717 2630 2518
7750 2653 2598 2478 2620 2419
2615 7793 2748 2350 2085 7628
4775 2674 7848 2527 2705
7683 2401 2506 2649 2488 2804
2131 7714 2561 2511 2415 13086
7584 7782 2463 2392 2633 2573
2524 2464 2805 2372 2422 18368
437 9540 2465 17746 2670
2285 7624 2585 7637 2559 2538
2421 2679 2582 7638 3009 2180
2470 13082 2822 7710 2524
2564 2822 2640 2618 2398 2594
2408 12820 4764 2547 13154 2467
1461 1573 1634 1584 6986 6792
1567 6457 7057 1738 1839
2401 2110 7354 12541 2444 7346
7472 1443 6783 1866 2013 1782
6387 1824 760 10624 1915
1797 1649 6342 1939 1220 1703
11973 1988 1837 6680 6611 1832
11220 1729 1842 6965 6977
6497 1351 2491 2520 7852 7690
2316 2552 2488 2500 1837 2481
2283 2642 2474 12807 2636 2496
1299 2835 2317 2393 2656 12933
2729 2548 28004 8061 2626
2532 2554 2715 2244 2585 2591
7448 2603 2588 2721 1973 350
2419 12987 2590 2677 7799 2565
7730 12831 7760 2436 7871
2438 17964 2889 2227 1866 2367
2549 12580 1727 1933 11991
6851 1956 1919 2138 1515 1664
1894 1827 7016 2024 2243 1501
1739 1648 17243 2359 1746 1864
2142 1903 11789 17397 2016
1792 12153 1692 1881 2514 1626
2499 12880 18107 2575 2718 1815
3035 7818 2097 2233 1700
1506 1736 6401 1940 1851 1837
2007 1520 1781 6975 1682 2072
1556 2007 6881 1806 12110 1832
1652 1905 2114 1895 1559 2010
1185 8373 1903 6879 1959 1915
1811 1107 1947 2023 1823
1813 443 4360 2026 1780 2092
1786 2020 1791 1611 1972 1790
1681 1943 1907 1786 1976 1831
1809 1600 3035 1925 2103 1933
1962 1946 2120 2075 1920 1904
2093 1970 1991 6953 1760 6909
1859 1630 1723 1725 1874 1833
6873 1817 2004 1636 1776 2033
1449 1823 3671 108 1624 1857
1739 1710 1890 1797 1888 2160
1529 2025 1980 1973 2002 1946
1487 1995 1789 2179 6623 1841
1745 11867 1965 1890 12020
6709 6972 1596 5780 2041 1684
1606 1864 6984 1891 1468 1700
7010 1937 1056 1827 1751 1870
1400 1247 1643 1671 1787 2115
1582 1850 1906 6818 1901 1701
1542 2129 1844 1914 4502
6700 1664 1886 6474 1927 2068
1880 2122 1687 7129 1794 1841
1675 1953 6619 1874 6895 1917
6838 7045 1904 11882 2481 2267
2188 7619 2478 7771 2308
195 3418 7726 2610 2624 2460
7780 7607 2810 2403 2730 7788
7329 2672 2674 2581 2632 2742
2489 2676 2961 2429 2606 2615
2493 2699 2490 2708 2711 2565
2136 9228 2569 2684 7825 7593
28352 13114 2757 2596 2633
2452 2715 2443 2580 2641 7568
2599 7525 2692 2630 2696 12892
2534 2662 2595 2944 2299
2504 1391 3190 1576 1602 2003
6826 1688 1959 1694 6965 1880
1886 1296 1916 6859 1877 12038
1880 6402 16781 12148 6944
1710 6842 1456 1781 1962 1953
1728 6743 13204 1845 1650
6471 1484 1801 1779 1806 1792
1777 1420 7112 2209 2211 1984
2235 2173 2177 2378 2248 2187
2152 2314 1957 2239 2224 12462
2240 2115 1848 1502 2010 1619
2134 2085 2507 1913 2234 2260
1998 2289 2139 2168 2235 2474
7346 2152 12457 12338 2347 2147
1925 2196 7286 7484 2235
2175 2225 2317 1939 4244 2359
2012 2357 2296 2087 2340 2511
1911 7336 2288 2536 1729 2346
22961 2204 7163 7256 2274
633 1142 1908 2185 7237 2750
1837 2251 12384 2153 4839 2972
2148 2100 2317 7219 2206 17394
7333 2218 2283 7114 2071
1445 7119 2407 7058 7333 2284
6852 7231 2202 2294 7208 7349
2414 6989 2191 1959 1698 3612
22146 2467 1794 1934 1918
7007 1759 1726 2122 1783 16832
7134 1915 1916 11858 1925
2002 1645 1876 1808 6971 6795
1847 1948 1870 1867 6990 1458
1796 1818 1778 1820 1939 1716
1110 1877 11687 1455 2134 6489
2064 2251 2144 1953 12044
1994 2165 2303 2547 2105 2208 2292
2212 2237 1935 2158 2055 6003
7495 2159 2136 2090 7168
2175 2194 2317 2061 2295 2574
12158 2050 7259 2274 2070 2331
2243 7342 2604 1983 2162 7316
2115 7190 2310 2234 1836
1533 1448 10060 3340 1400 6855
1606 7389 2347 2228 7454 2351
7087 7277 2138 12627 7314
2301 12123 2254 2432 12319 7313
2201 2058 2444 1944 2305 7309
12441 2303 6139 2614 2220
1668 6991 1739 6773 1841 1653
1850 6915 1619 6864 7065 1853
1787 1857 1856 1836 1883 2089
11593 12163 1921 1857 1815
1803 1824 1785 1118 1462 1245
2014 1680 1627 6755 2074 1765
1669 6727 1907 1832 11790 7307
1478 1621 1701 1919 1952 12153
1807 6716 1708 1777 12021
1909 6636 1652 1876 1844 2199
7013 12795 2469 7708 7662 7753
2360 2519 1899 2566 2441 2283
7703 2495 7691 7727 12862
7907 2722 2972 2340 2615 2403
2531 2513 2565 2822 2508 7653
1815 501 7714 2659 2641 7666
7663 8156 7587 2500 2603
2489 2510 2684 2499 2572 2538
7763 2532 2522 2574 7485 2245
2595 12402 2397 13048 12530
2717 2294 200 4840 2451 2387
2476 2450 2559 2528 12411 2579
7642 2536 2575 2531 2521 2641
2400 7804 7415 1805 1953 838
6658 1871 6983 1348 1956 1862
1603 1939 5282 6689 1982
1605 6702 6794 1714 1778 1735
1467 1485 1653 6899 1761 1733
1916 6419 1778 1752 1798 1867
1439 1855 1781 1828 1758 1676
1756 2056 1741 1809 3344 1811
1722 1779 1796 1808 1725 6740
1754 2266 1778 1754 1518 1559
6535 1829 1758 11710 6852
1788 11544 1553 1956 2002 1928
1767 1916 2240 7315 5691 4130
1861 2021 1854 7192 1927 1779
2288 6414 1359 6973 1805 1962
1751 1849 6752 1871 1887
6744 2300 1751 2084 6959 6971
1798 7134 2058 6874 25337
3408 2078 1923 1575 2128 1960
1987 7168 1908 1761 2000 2237
1604 2012 1986 6889 2094 1864
7031 17151 2037 1685 1995 12246
1710 2178 1947 12259 2045
4610 1686 2040 1680 1995 16927
2066 1701 1879 1744 1886 1968
1835 1957 1517 1967 1914 1797
2078 1781 1671 1952 1701 1663
1853 1860 1748 1910 1579 1763
1697 2940 1875 1922 2039 2071
1655 1902 2081 7109 2142 1694
1711 2015 1934 1768 1907 1903
1530 1724 1682 1897 2063 11909
7436 1792 7068 6869 784
1857 1849 7813 1938 2200 1593
1612 1737 2005 11851 7043 1837
1774 2446 2685 1647 7636 17869
2783 1805 2642 2312 2226
2346 7601 2267 2137 2346 2403
1900 7263 5514 171 7582 2469
1980 2431 2430 7445 7311 22761
2356 2260 2423 7330 2478
2012 2456 2369 2282 2247 7057
2237 2201 2268 2210 7690 2174
2642 2489 2471 6055 428 2553
2742 18054 8004 2768 2691
2374 2502 7777 2472 12967 2483
2294 8046 2123 2690 7850 2726
2182 2693 2590 2328 2459 2292
2747 12872 7605 7585 268
9664 2491 2383 7801 2656 2413
2535 2454 7664 2618 2469 2395
2257 2452 2479 7486 2548 7724
12833 7865 2571 2467 7565
2514 2621 2715 2231 2612 7558
1126 1852 2460 2614 7770 2550
2418 2358 7815 2740 7683 2319
7618 2566 2472 2569 2534 2463
12794 2605 1801 2577 2603 12440
2447 12940 2630 2492 2511
2484 1970 283 7772 2520 2339
2481 7582 2565 2631 2561 2433
12575 2638 12869 2583 2800
7480 2567 2413 7717 2655 7896
7500 1963 2494 2442 12982 2623
2320 2734 1394 6921 7741 2600
2197 2024 2533 2581 2241 2672
7465 2643 12910 7681 2529
2559 13129 23001 2698 2495 2463
2519 2519 7670 2680 2623
2527 2689 2567 2695 4601 12790
2529 2517 7611 7006 2743 7594
2640 2653 3094 2560 2373 2554
2362 2436 2491 2563 2528 7499
2464 7942 2255 2390 2558 2466
2404 7797 2621 2293 4188
2740 2480 7845 2959 12637 7624
2513 2842 2300 2681 2457 2628
7630 2844 2250 2569 2669 2481
2536 2543 2563 2690 2521 1476
2224 2534 2659 2796 2349 14430
12880 2513 2541 2698 7825
7608 2613 7878 2325 2043 12963
2527 2453 2567 2702 2750 7523
2624 2360 2548 2711 2489 2639
2468 2835 2510 12703 2653 4579
2509 2370 2603 7583 2566
2767 2357 2753 7554 2705 2714
2510 7674 2338 2752 2287 2565
2344 7746 2598 2532 2648 2336
7695 2582 12707 2707 7818 2308
4149 2727 2272 2612 2526 2526
2478 2768 2378 2569 7872
12705 2566 2742 2362 2466 2395
2437 2419 7678 7512 2480 7760
2606 7837 2680 2278 7856 7588
1969 287 2600 2536 7857
2154 2618 18512 2222 2608 2559
2554 2762 2479 2572 2783 2560
2645 2758 2936 1946 2632 2478
2441 2591 2731 2486 2583 2581
7836 2126 3875 7771 2729 2323
2262 2644 2694 7433 2752 2711
12933 2602 7463 2237 2692
7373 2982 2336 2517 2681 2639
2497 2681 12987 7890 12989 2630
12752 7733 4088 2469 2483
7589 2643 7836 2602 7552 2695
12695 2491 2624 7562 2703 2572
2347 2590 2633 7494 1498 1755
6905 1788 1660 1821 1651 1802
1695 1773 5108 3188 1660
1455 6883 1980 1961 1699 6922
6844 1713 6778 2312 6712 1963
6779 1947 1848 1891 7079 2301
1814 1780 1995 1919 11845 7027
11763 2297 1482 3091 11845
1759 1702 1994 1625 1944 1443
1734 1821 7109 6876 1872 1855
16000 1850 1855 6565 1808
1355 1902 1898 1741 2165 1803
1575 7006 6840 1818 1310 11121
6820 1888 7147 2496 2425 2610
2463 2435 2645 2913 12590
2492 2489 2527 7539 7751 7678
2501 2538 7909 7930 2274 7638
2412 7640 2495 2544 7532 656
3044 13067 2655 7794 2219
7637 2477 2519 2571 2415 7680
2275 12917 7614 2399 2518 2444
2336 2603 2512 2471 2576 2501
2559 2511 12781 2585 12757
2610 4622 3529 2351 2510 2549
2405 2281 2221 2606 7609 7400
2438 2715 2647 2687 8009 2370
2401 2594 2575 2458 2512 2730
12574 2494 2325 2540 2477 7625
2456 2230 2366 2557 2039
2344 7734 2642 2633 13078 18250
2620 2584 2582 2551 7730 2570
2524 7697 2540 7842 2545 2196
2448 2393 7792 7833 2619
2455 2604 2536 6508 2012 2625
2480 2634 2695 2590 7741 2812
2255 2884 2346 2472 13082 2449
2383 2654 7792 7564 2468 2618
2463 2712 2852 2284 2941 2475
2466 2782 2736 6985 4003
2585 12899 2341 7741 2653 2614
2549 17993 8013 2874 7703 2710
2621 2524 2648 7809 2483 2404
7611 2647 2777 2667 2359
7540 7818 7573 2523 2657 75
9636 7729 2522 2550 7549 2923
1973 2807 12716 2526 12943
2447 2595 2351 7764 2506 2660
2764 2187 7547 2717 2720 2976
7351 2619 2542 2542 7756 2552
89 4270 2713 7645 2649 2594
2618 2387 2737 2514 7865 2391
2519 2531 2538 2531 3001 2208
2386 2519 2821 7545 2776
12843 2556 7735 2486 2479 2466
2527 2136 3189 3824 2974 2195
2460 2567 2657 1813 6639 11887
6690 1746 1957 1983 1981 6969
1496 1745 6658 6862 1749
1225 6453 1809 1832 1134 1946
1791 1998 1676 5205 10532 1880
7165 12366 6750 7133 1835
1910 6916 2039 1717 1982 6723
1911 2078 7158 1682 285 1774
11161 1997 6548 1434 6858 1877
1672 2124 1916 2184 3031
6884 1995 1866 1601 7164 2040
1060 1826 7608 2543 1921 2305
2088 2092 2267 2302 2377 2165
2265 12566 2508 2509 2580 2311
2188 2645 2350 2334 2269 3393
2466 2111 2393 2626 2237 12832
2065 7632 12991 7928 2299
2321 2015 7549 12719 2621 7711
2362 2417 7671 2559 2877 2511
1725 2578 2913 2207 2564 2004
1705 7612 2546 7699 2725
7427 2798 7204 1559 6596 1755
7119 1722 2003 1818 1866 1820
6478 1682 981 12676 13108 2565
2453 2247 2429 2399 2608 2455
6272 12144 7551 2696 2510
2047 2728 2357 2485 2583 2666
2287 2521 2538 7717 2957 2323
2388 7894 2814 2337 2608 7798
2484 2547 2594 2690 3019 2433
7436 2296 9586 2475 2513
2456 13165 2510 12779 2776 7390
7687 13200 2377 12890 2473
2469 12708 2529 2548 7391 2495
7696 2356 2580 2535 7652 2601
2476 7735 2167 7510 114 2453
2281 2524 2367 2526 2464 2233
12933 2379 1991 2503 7695
2556 2551 7795 3838 2492 12895
2664 2436 18214 2566 7873
12424 2430 2514 2484 2190 9744
2410 7713 7398 2681 2527 2501
2495 2419 7596 2878 2236 2504
7615 2912 2255 2678 2638 2485
2310 2563 2569 7675 2535
2686 6955 2607 2514 2576 6685
12965 7860 2309 2569 2531 7588
7684 2720 2512 2474 2666 2370
2547 2461 1657 1850 1695 1764
11773 1909 2052 1958 11790
1552 1322 1727 1559 1634 12267
1173 9136 1557 1605 7027 1627
1669 1663 6737 1769 1848 1772
1786 1958 6673 1454 9711
1652 2105 6490 6912 7158 1971
1632 6738 2100 1836 1755 1881
1534 5835 288 2062 6698 2074
16555 2086 12063 1935 6993
1727 1982 1952 1701 2044 7034
6863 7072 1906 1900 1943 1702
6833 1859 6814 7038 1779
6688 1950 1836 3831 6951 1430
7086 1644 7088 1634 1873 1985
1637 12096 1744 1772 2000 1784
1780 6895 17134 2033 1849
2018 1232 1822 1894 2082 1652
6702 2043 1569 1597 1875 4172
1213 1737 11885 1984 7053 1908
11596 1778 2132 1587 1880
6766 1802 7109 1951 1857 1563
1969 11982 6718 1813 1887 1266
1734 1433 6954 2138 1707 3551
11783 1831 1941 1836 1822 6925
1690 1827 2009 1966 6551
1983 1812 11940 2111 6830 1798
6855 11964 2011 47426 2013
1577 1943 1684 6857 6924 1683
5904 1319 1931 1832 1919
1929 1816 1828 1767 1730 6706
6478 6774 1910 1811 1882 12017
1927 1876 6868 1655 7115 1216
16545 12206 6424 7189 1627
1937 1653 3614 2079 2287 2186
1681 17920 2290 2401 1968 2505
7380 2219 7397 12606 7537
7271 2272 2215 2251 2476 2342
2134 2363 1504 1987 1625 1895
1643 2157 1659 503 12822 2817
2314 7641 2594 7629 2528 2590
13106 2310 12800 13089 2540
2709 7492 2540 2524 7460 2628
2563 2533 2541 17998 2688
12790 7615 7815 1914 2725 3152
3566 2460 2535 7651 2753 7630
2104 2883 2726 2231 7695
2101 2906 2252 2594 7774 2716
2255 2414 7942 2553 7729 7322
2393 18090 2784 2456 12993 2788
4029 2536 12093 2219 2560
7734 2641 2564 2503 7654 8228
2109 2513 5651 12768 2365 2629
2275 2359 2438 2453 2686 12441
2404 2656 2422 2600 2444
2480 2118 2583 5142 2460 2347
2553 17573 2473 2215 7621 2279
1956 12664 2728 2437 2623 7710
2251 7507 2310 7629 2259
2512 1839 1451 1812 6736 1364
1614 1610 1773 7813 4491 1939
1569 2023 7140 1635 1811 6768
1990 2589 2459 12883 7454
7498 2687 2141 2628 2663 2512
2666 2264 2367 2594 7371 7755
2445 2468 7650 7683 4325 1651
1495 1708 2230 1812 6555 1850
1630 1757 1631 1923 1817 2073
1669 1708 1810 1938 1759 2075
5823 12344 2418 2240 7706
7421 2676 12580 2432 1915 2748
2026 7098 2316 2846 2022 7512
2419 2333 2426 12684 1675 1752
1569 7191 2535 2585 2685
2386 2524 2554 7523 2570 12826
2311 2639 2640 2716 2523 14659
8316 2482 2459 17990 2767
7730 2522 12789 2361 2692 2570
2596 2651 2346 2698 7458 2607
2424 2307 2424 2341 7758 2751
2470 2598 7870 2559 2523 12903
59 4357 2615 2677 2164 2312
2521 7853 2400 2683 2573
2439 2430 2845 2205 2740 7358
7494 2620 2424 2733 2248 2643
2287 2443 7526 12944 2558 2627
2346 2126 3341 3059 7728 7652
2593 2568 7602 7907 7592
2446 2586 2142 2569 23030 2856
7610 18015 2686 7641 2307
2494 2563 2364 2600 2384 7311
7405 7790 2556 6481 3186 2472
12854 2540 2686 2309 2491 2412
2474 2391 2520 7706 2525 2472
2447 2472 2469 2571 17813
2531 2547 7832 7793 2559 2467
2430 2555 2556 2556 2231 4064
7444 7578 2627 2553 2583 2439
2589 2486 1606 2557 2473 2771
2510 2326 2649 2602 2397 2469
2423 2606 7962 2391 2647 2542
1835 2540 2571 2496 6983
3806 2344 7755 7734 2706 2478
2422 2542 2383 2580 7472 2603
2588 2630 2448 2875 7381 2630
2370 2495 2539 2946 2326 2391
2455 2517 2761 18237 7976 2300
3301 5057 2262 2470 2561
7664 18010 2605 2421 2418 2264
7452 2444 7792 2760 2862 7660
2222 12933 2650 2559 2496 2616
23207 2791 2600 12733 7904
7460 2182 2102 2402 2041 7622
2561 2673 2696 2542 7583
18208 2624 2814 2335 2646 7084
2336 2450 2485 2431 2556 2373
2286 2714 2206 2383 12779 7660
12563 2378 6488 1806 2695
2263 2580 12791 2515 2492 7819
2549 2481 2612 2565 18036 2609
2752 1942 2573 7562 2506 2466
2291 7509 2609 2470 2390 2523
2438 7809 2690 2213 3063
8586 2816 7737 7515 7665 1461
1502 1746 1777 1784 1916 1595
1484 1717 1819 2108 1527 7218
2108 7485 2701 2023 2179 2260
12502 12850 2503 8011 2525
7400 668 2340 2231 2179 2165
2243 7488 2339 7514 2796 7008
2467 12601 12605 2528 7493
7318 2206 2500 2397 2555 17868
7294 2151 2267 2476 7474 2255
1954 8756 7350 2464 2532
2363 2363 7603 11752 1705 1666
1725 6899 11892 1748 2022 6654
1393 1638 1553 1672 6809
1704 1796 1835 6736 1730 1740
1708 1641 3826 4065 11793 6685
1858 1611 6369 1920 2123 2150
2041 7737 2445 2477 23158
2593 7744 12585 2295 2690 2321
2419 2627 7709 2313 2402 2332
2286 13156 2082 4354 2806 2602
7292 2399 7698 1418 2558
2519 2449 2323 2439 2465 2477
7553 2442 2623 2569 2781 2383
7473 2414 12687 2558 12717 2411
2491 2418 12600 595 3042
2469 7567 7847 2513 2516 2576
2755 7462 2432 2337 2644 2443
2469 13023 2606 2563 2621 7437
12820 2627 2621 2534 7759 2516
2103 13172 12733 2680 3991
11695 1106 6756 1849 1730 1662
1846 1334 1862 1732 2020 2232
12210 2504 2239 2339 2096 2241
1840 1950 2561 2437 2651 2470
7515 2720 2331 2346 2064
1601 2443 2503 7737 7647 7612
2421 2605 7980 12596 2413 2604
2092 2095 2222 2420 7598 2419
2405 2548 2039 2226 11697
2356 2372 2284 7237 2186 2284
13037 2775 2046 2193 2519 2266
2315 2357 2361 2485 2325 12797
2345 2235 7115 2323 7518
2166 2352 7568 2358 2337 2370
2143 2486 12425 7380 2288 12118
2225 932 2552 17605 2592
2107 2176 2522 2434 2316 2330
7411 12260 2616 2217 2502 2365
2115 2246 2380 2369 2083 7198
7199 2320 12804 2705 2643 2445
7876 2325 794 2658 12971
7610 2633 2579 2470 7643 12899
2650 2597 2437 12945 2472 2417
2283 2562 2627 2481 2608 2378
7578 2461 2488 2659 7855 2799
7383 2278 2467 9192 4331
2475 7640 7680 2842 2232 7373
2658 2304 2632 2577 2529 2516
7421 2899 2388 2668 12843 2483
2391 2538 2598 2599 2620 2543
12852 2681 2672 2088 2039
63 6466 2089 7585 2501 7915
2221 2425 2600 12405 2488 2701
12327 2685 2324 2451 7741
7584 2550 12739 2569 2489 2355
2469 2656 12587 7709 2593 2545
4211 7814 12860 8038 878
2345 2595 12745 7812 7767 2389
1828 2402 7662 7644 2582 12974
2391 7723 2653 2542 2679
12688 2376 7682 2536 2390 1866
15136 271 2277 2713 2520 2406
2368 2468 13036 2299 2435 2483
2547 2366 7646 2407 12854
12637 12902 7709 7717 7704 2516
2355 2632 2640 7862 2663 2553
2259 4001 2587 2801 2206
2449 7722 2634 7684 12812 2684
2307 2665 2529 2403 2537 2682
2127 7884 12450 2560 2524 2363
2342 7872 2255 1536 6566 1578
1393 1504 5995 4588 1848
1848 6273 6957 1727 11943 1601
1664 7418 2204 12922 8050
2456 2466 2528 7711 2559 2561
2674 2619 2375 2630 7639 13068
7936 2521 2422 2159 3113 2538
7485 2606 2591 2659 2606 2744
2317 12884 2748 7915 2423
7687 2645 7624 2551 17718 2793
2390 7671 7659 2509 7721 2490
2400 2550 2760 2464 4104 3216
9179 1509 2503 2770 2237
2536 7593 13111 12834 2453 2365
2426 7576 2535 7888 7753
12864 2669 2442 2753 2528 2517
2415 18137 2800 2703 2328 7689
6580 5589 2656 2623 7948 2289
2287 12907 2549 2698 2306
2228 7890 2243 2515 7605 7621
2458 2443 2520 2531 12832 2260
2461 2483 2364 2551 2482 7682
2521 9291 10754 2412 2331
2303 2712 2665 2520 2485 2565
7635 2666 17640 2589 2446 7738
2398 2687 7909 2338 2552 7887
2238 7640 7676 2769 12624
12950 2463 6452 5618 2468 7654
2803 2129 7565 17872 12885
12640 2483 2646 2613 2168 2500
2288 2303 2577 2481 7466 2386
12417 2732 12472 2516 17848
2526 7537 7962 767 1891 2426
2476 2886 2147 2709 2264 7609
2177 2569 2404 7560 2513 2788
7257 17902 2750 2796 7243
12694 7625 2473 2400 2556 7451
2586 7405 2790 12231 8981
2494 2536 2379 2479 2580 2566
33576 2589 2445 2515 13028
7938 2421 2360 7172 2612 2561
11795 12071 1745 1681 1868 6624
21947 1924 1510 1522 867
4413 7034 1945 1954 1643 1765
1553 1652 1918 1775 2172 6667
1756 6857 1806 1772 1763 1631
1820 1545 6718 7097 1698 491
1541 1789 2017 16485 6696
1387 1859 6925 1801 17256 1728
1669 1429 2086 1585 6884 1924
2061 987 6732 17046 2204
1746 11382 2159 6180 2241 6518
1755 6706 2095 6625 1703 1605
1842 4010 4474 6384 1282
1765 1941 2151 1646 1681 6584
1789 2154 1684 1649 1957 1712
1795 1770 1796 1897 16971 2471
6630 1980 1117 1801 1848 6927
1823 1727 8671 5020 1891
6760 1876 1890 1729 1887 1892
1662 1903 1729 1977 16772 2098
1712 16299 6781 1021 11584
1694 11585 1685 7022 6842 1758
1733 1953 6914 1363 6762 1667
1690 2018 1699 1914 1685 7091
11406 1924 2057 1872 1624
1229 7218 11984 1968 6759 1675
1649 1916 1801 6858 1898 6619
2010 1728 1859 1558 8627
2943 1979 1806 1916 1811 1993
2296 22104 2016 1901 1814 1926
1846 1840 11513 1984 6993 1964
1888 1882 1752 1708 1881 1595
1927 11923 12153 1966 6536
2925 1850 11828 1892 6906 16953
1710 1766 6624 2094 6552
11783 1777 1818 1807 6997 1534
6666 6820 16898 2161 6723
1124 6769 1931 1673 6834 6902
5749 5491 1777 1931 1735 5329
1665 1926 1772 1854 6714 1939
1627 1913 6947 11855 1865
1781 1317 6830 1953 6890 27078
1963 11620 1943 7184 1664
1645 1420 3127 1678 6972 1808
1537 1844 1731 1347 6447 2030
1708 1453 1965 12052 6776 1770
6990 6571 1864 1761 6853
1841 1681 2142 6599 1780 11833
6728 11830 18115 1995 6978
1889 1683 1741 1763 1920 1768
1645 7023 1678 1918 1958 2014
1597 11304 6751 1781 1880 11991
1424 1974 21873 7096 1869
1903 6849 1475 5454 1760 1705
1576 6749 1979 1767 1881 1785
1293 6877 6935 12236 1500
1794 1955 1653 1923 6899 1789
11655 1701 1102 1809 1637 6803
11564 1814 1605 930 1724 6872
7237 7249 2627 1952 2250
2080 2241 2140 2253 2228 2512
6953 22727 7733 2137 2162 2370
7037 2182 7892 2140 2224 2229
2239 1984 2391 2185 9241
8400 2193 7467 2474 7391 2472
7300 2073 2383 7499 2424 2232
2323 2335 2158 2595 2262 12590
2310 2476 6909 2408 2233 2201
2337 7078 7778 12377 2321
8453 2413 7167 7639 2216 7240
2072 7319 2729 2369 2203 2484
2069 7698 2453 2169 2801
7185 2123 2393 2340 7058 2476
2458 2207 2310 1925 2248 2209
1931 9843 2345 17771 2494 2195
2392 7373 7480 2454 2160 2120
6657 1962 1949 1623 7060
1509 11793 6964 7046 1673 1803
1734 16567 2034 1932 6863 11973
1350 9087 1755 11734 1771
1756 6954 1946 2418 6699 1259
6711 6734 2185 6533 1983
11682 2041 6876 6828 1819 2018
1690 1893 6905 22313 26980
3377 1871 1609 3571 1946 1848
1665 1876 1823 146 1578 2037
16742 2041 6890 1927 1602
1733 1744 16781 1583 6930 1978
1431 11952 2022 6892 1752 1591
6689 2012 1815 3309 1799
1417 1607 6772 6985 1801 844
1495 6657 1794 1736 11955 1779
1768 2053 6785 1703 12040 600
6608 6822 2047 1279 1737
11806 1937 1798 1734 1398 4374
1842 1651 1655 1569 1793 11561
6377 1565 1922 2271 6748 6705
6491 6733 6981 1708 1856
1744 1775 17002 2099 12052 1798
11957 6918 1684 1751 1612
2808 1930 1631 6998 1627 1741
1627 1821 6777 7076 1866 1670
16749 1815 6899 1935 6763 1837
1497 6841 6786 1434 1726
1743 1803 1788 2079 6428 1660
3444 4026 2078 6569 6994 1721
1774 1798 7060 11661 2539 7501
12717 2620 2672 7844 2798
7153 2635 2414 2223 2494 2345
7483 7417 2527 7943 2088 7707
2053 3352 2440 2512 2484 2528
2319 7628 13153 2240 12936
13206 2393 2533 7622 2703 2527
2622 2590 2624 2616 12877 7652
7601 7611 2349 2526 7948
2261 6460 9322 2312 2707 2110
2508 7460 1827 1793 1925 2180
1415 1981 1778 1959 1807 1805
11828 1489 1815 12210 6682
1870 6844 7026 1667 1725 6931
1715 1846 8287 2923 11931
1704 1784 1625 1881 1854 6568
2025 1571 6935 1613 6539 2089
1610 6986 6755 2365 2647 17968
7309 2570 7711 2505 12921
2884 22679 2705 1870 10084 1784
6778 2229 1583 1664 6841
16919 7105 1778 1776 1845 1700
2145 6652 1862 6790 22338
1865 6870 1782 1657 1767 6751
1624 11994 1950 7192 1347 1766
9161 1750 1926 6384 1746
6390 1998 1277 1815 2125 6525
1950 1951 12055 6886 7072 1598
1751 1783 1917 1945 1834 1482
1510 11885 1542 1965 1923 2147
8240 3468 1660 1520 7048
615 2405 18051 2665 2429 7455
2475 2766 2253 12915 2787 2052
2343 2391 2618 2534 2230 2411
2200 2466 2404 2217 6759 1883
6648 3821 7944 1914 2024
1569 1689 1877 1885 6992 2062
1534 1591 1980 1645 1754 1633
1681 1965 12092 1784 1984 1702
1854 11902 6741 6858 1602
1737 12046 6969 3890 4142 6649
1817 1677 1919 1742 2106 2217
2089 2311 2298 2457 2274 2522
12423 17477 2593 793 6085
1662 1575 1690 1796 2075 1428
6811 1923 1889 6802 418 5693
1751 17050 2135 1721 6882
1907 1872 1987 1834 6933 1927
1617 6846 1958 12133 1943 1929
1834 1920 1713 1663 1923 6909
6341 1386 6463 1517 6256 8665
1257 2097 1686 6864 6715
6916 1570 6854 1576 1654 1952
6800 6816 1888 7140 1674 1727
6708 7099 1730 1874 1821 6779
1923 6741 1872 1801 6785
468 617 1853 11968 1841 1791
6796 11869 1745 6884 1871 1757
6723 11862 1867 7048 1968
1525 1408 11864 1871 1844 1232
2036 2419 2218 2631 2334 2536
2283 4401 4373 2532 2522 12876
2751 2145 2396 2500 2408 2487
2092 12683 2813 2574 7588
2599 2558 2498 7659 2439 12792
12656 2542 1725 6845 1822 1846
1725 10669 6930 1669 6734
6986 1622 1962 1691 958 21217
1988 1856 1545 7664 2808 2212
2704 2373 2797 17792 8064
1979 2347 2577 2428 18161 2661
2407 12687 1915 3731 2570 2648
2342 2740 2537 1711 2440 2541
2441 7501 2586 6014 1795
1929 1519 7034 1482 1854 1646
4693 1224 1817 1544 10900 1242
1516 1458 3389 1040 299 1687
15457 6169 1951 1221 1746
1562 1858 1919 1186 1904 1601
1807 10102 5783 503 1738 5292
4571 16840 2110 1740 7397
6320 6432 1783 1769 14940 1180
1017 4225 5893 1254 1660 1902
1806 1768 1885 1840 1185 147
10899 539 1345 1904 1942
11896 1774 1885 1865 1749 6695
6804 6808 4109 9161 1913 4158
1841 6099 1890 1684 6641
1874 1631 1971 677 243 277
286 26349 7179 1107 6813 6691
1528 1325 1769 1978 12232
1840 1598 6532 2155 6668 6969
4307 3339 1995 6952 11757 2237
1524 1808 1701 1067 1906 1951
1347 1404 1754 6537 1385 1585
